Cell X Position	Cell Y Position	Phenotype	Cell ID	Nucleus Area (pixels)	Nucleus Area (percent)	Nucleus Compactness	Nucleus Minor Axis	Nucleus Major Axis	Entire Cell PD-1 (Opal 540) Mean (Normalized Counts, Total Weighting)	Nucleus PD-1 (Opal 540) Mean (Normalized Counts, Total Weighting)	Membrane PD-1 (Opal 540) Mean (Normalized Counts, Total Weighting)	Membrane Area (pixels)	Membrane Area (percent)	Membrane Compactness	Membrane Minor Axis	Membrane Major Axis	Nucleus PD-Ligand-1 (Opal 690) Mean (Normalized Counts, Total Weighting)	Entire Cell PD-Ligand-1 (Opal 690) Mean (Normalized Counts, Total Weighting)	Membrane PD-Ligand-1 (Opal 690) Mean (Normalized Counts, Total Weighting)	Entire Cell Area (pixels)	Entire Cell Area (percent)	Entire Cell Compactness	Entire Cell Minor Axis	Entire Cell Major Axis	Confidence
110	5	OTHER	1	1	1	1	1	1	0	0	0	1	1	1	1	1	0	0	0	1	1	1	1	1	1
100	65	OTHER	2	1	1	1	1	1	0	0	0	1	1	1	1	1	1	1	1	1	1	1	1	1	1
25	15	TUMOR	3	1	1	1	1	1	0	0	0	1	1	1	1	1	1	1	1	1	1	1	1	1	1
115	35	TUMOR	4	1	1	1	1	1	0	0	0	1	1	1	1	1	1	1	1	1	1	1	1	1	1
140	85	OTHER	5	1	1	1	1	1	0	0	0	1	1	1	1	1	0	0	0	1	1	1	1	1	1
40	125	TUMOR	6	1	1	1	1	1	0	0	0	1	1	1	1	1	1	1	1	1	1	1	1	1	1
65	115	OTHER	7	1	1	1	1	1	0	0	0	1	1	1	1	1	0	0	0	1	1	1	1	1	1
0	85	TUMOR	8	1	1	1	1	1	0	0	0	1	1	1	1	1	1	1	1	1	1	1	1	1	1
50	85	OTHER	9	1	1	1	1	1	0	0	0	1	1	1	1	1	0	0	0	1	1	1	1	1	1
10	125	TUMOR	10	1	1	1	1	1	0	0	0	1	1	1	1	1	1	1	1	1	1	1	1	1	1
180	45	T-CELL	11	1	1	1	1	1	0	0	0	1	1	1	1	1	0	0	0	1	1	1	1	1	1
90	105	TUMOR	12	1	1	1	1	1	0	0	0	1	1	1	1	1	1	1	1	1	1	1	1	1	1
145	95	OTHER	13	1	1	1	1	1	0	0	0	1	1	1	1	1	1	1	1	1	1	1	1	1	1
75	55	OTHER	14	1	1	1	1	1	0	0	0	1	1	1	1	1	0	0	0	1	1	1	1	1	1
110	25	TUMOR	15	1	1	1	1	1	0	0	0	1	1	1	1	1	0	0	0	1	1	1	1	1	1
150	125	TUMOR	16	1	1	1	1	1	0	0	0	1	1	1	1	1	1	1	1	1	1	1	1	1	1
25	35	OTHER	17	1	1	1	1	1	0	0	0	1	1	1	1	1	0	0	0	1	1	1	1	1	1
150	45	TUMOR	18	1	1	1	1	1	0	0	0	1	1	1	1	1	0	0	0	1	1	1	1	1	1
120	65	OTHER	19	1	1	1	1	1	0	0	0	1	1	1	1	1	1	1	1	1	1	1	1	1	1
0	5	TUMOR	20	1	1	1	1	1	0	0	0	1	1	1	1	1	1	1	1	1	1	1	1	1	1
135	15	OTHER	21	1	1	1	1	1	0	0	0	1	1	1	1	1	0	0	0	1	1	1	1	1	1
35	75	TUMOR	22	1	1	1	1	1	0	0	0	1	1	1	1	1	1	1	1	1	1	1	1	1	1
165	55	OTHER	23	1	1	1	1	1	0	0	0	1	1	1	1	1	0	0	0	1	1	1	1	1	1
135	115	OTHER	24	1	1	1	1	1	0	0	0	1	1	1	1	1	0	0	0	1	1	1	1	1	1
195	35	OTHER	25	1	1	1	1	1	0	0	0	1	1	1	1	1	0	0	0	1	1	1	1	1	1
0	105	TUMOR	26	1	1	1	1	1	0	0	0	1	1	1	1	1	0	0	0	1	1	1	1	1	1
170	45	OTHER	27	1	1	1	1	1	0	0	0	1	1	1	1	1	0	0	0	1	1	1	1	1	1
145	55	TUMOR	28	1	1	1	1	1	0	0	0	1	1	1	1	1	1	1	1	1	1	1	1	1	1
110	105	OTHER	29	1	1	1	1	1	0	0	0	1	1	1	1	1	0	0	0	1	1	1	1	1	1
190	25	OTHER	30	1	1	1	1	1	0	0	0	1	1	1	1	1	1	1	1	1	1	1	1	1	1
110	45	TUMOR	31	1	1	1	1	1	0	0	0	1	1	1	1	1	1	1	1	1	1	1	1	1	1
45	95	TUMOR	32	1	1	1	1	1	0	0	0	1	1	1	1	1	0	0	0	1	1	1	1	1	1
35	95	OTHER	33	1	1	1	1	1	0	0	0	1	1	1	1	1	0	0	0	1	1	1	1	1	1
75	35	TUMOR	34	1	1	1	1	1	0	0	0	1	1	1	1	1	0	0	0	1	1	1	1	1	1
75	15	OTHER	35	1	1	1	1	1	0	0	0	1	1	1	1	1	0	0	0	1	1	1	1	1	1
180	125	TUMOR	36	1	1	1	1	1	0	0	0	1	1	1	1	1	0	0	0	1	1	1	1	1	1
125	115	TUMOR	37	1	1	1	1	1	0	0	0	1	1	1	1	1	1	1	1	1	1	1	1	1	1
0	25	OTHER	38	1	1	1	1	1	0	0	0	1	1	1	1	1	0	0	0	1	1	1	1	1	1
100	45	TUMOR	39	1	1	1	1	1	0	0	0	1	1	1	1	1	0	0	0	1	1	1	1	1	1
115	75	OTHER	40	1	1	1	1	1	0	0	0	1	1	1	1	1	1	1	1	1	1	1	1	1	1
155	75	TUMOR	41	1	1	1	1	1	0	0	0	1	1	1	1	1	1	1	1	1	1	1	1	1	1
190	125	TUMOR	42	1	1	1	1	1	0	0	0	1	1	1	1	1	1	1	1	1	1	1	1	1	1
10	65	TUMOR	43	1	1	1	1	1	0	0	0	1	1	1	1	1	1	1	1	1	1	1	1	1	1
75	75	OTHER	44	1	1	1	1	1	0	0	0	1	1	1	1	1	0	0	0	1	1	1	1	1	1
25	115	TUMOR	45	1	1	1	1	1	0	0	0	1	1	1	1	1	1	1	1	1	1	1	1	1	1
0	45	TUMOR	46	1	1	1	1	1	0	0	0	1	1	1	1	1	0	0	0	1	1	1	1	1	1
150	65	TUMOR	47	1	1	1	1	1	0	0	0	1	1	1	1	1	1	1	1	1	1	1	1	1	1
120	5	TUMOR	48	1	1	1	1	1	0	0	0	1	1	1	1	1	1	1	1	1	1	1	1	1	1
190	65	OTHER	49	1	1	1	1	1	0	0	0	1	1	1	1	1	1	1	1	1	1	1	1	1	1
125	55	OTHER	50	1	1	1	1	1	0	0	0	1	1	1	1	1	0	0	0	1	1	1	1	1	1
170	25	TUMOR	51	1	1	1	1	1	0	0	0	1	1	1	1	1	1	1	1	1	1	1	1	1	1
135	75	OTHER	52	1	1	1	1	1	0	0	0	1	1	1	1	1	0	0	0	1	1	1	1	1	1
170	125	OTHER	53	1	1	1	1	1	0	0	0	1	1	1	1	1	1	1	1	1	1	1	1	1	1
95	35	OTHER	54	1	1	1	1	1	0	0	0	1	1	1	1	1	0	0	0	1	1	1	1	1	1
10	25	TUMOR	55	1	1	1	1	1	0	0	0	1	1	1	1	1	1	1	1	1	1	1	1	1	1
85	115	TUMOR	56	1	1	1	1	1	0	0	0	1	1	1	1	1	0	0	0	1	1	1	1	1	1
100	5	OTHER	57	1	1	1	1	1	0	0	0	1	1	1	1	1	1	1	1	1	1	1	1	1	1
65	35	OTHER	58	1	1	1	1	1	0	0	0	1	1	1	1	1	1	1	1	1	1	1	1	1	1
80	45	TUMOR	59	1	1	1	1	1	0	0	0	1	1	1	1	1	0	0	0	1	1	1	1	1	1
60	125	TUMOR	60	1	1	1	1	1	0	0	0	1	1	1	1	1	0	0	0	1	1	1	1	1	1
165	95	T-CELL	61	1	1	1	1	1	1	1	1	1	1	1	1	1	0	0	0	1	1	1	1	1	1
175	55	TUMOR	62	1	1	1	1	1	0	0	0	1	1	1	1	1	1	1	1	1	1	1	1	1	1
180	25	OTHER	63	1	1	1	1	1	0	0	0	1	1	1	1	1	1	1	1	1	1	1	1	1	1
175	15	OTHER	64	1	1	1	1	1	0	0	0	1	1	1	1	1	0	0	0	1	1	1	1	1	1
45	75	OTHER	65	1	1	1	1	1	0	0	0	1	1	1	1	1	0	0	0	1	1	1	1	1	1
80	125	TUMOR	66	1	1	1	1	1	0	0	0	1	1	1	1	1	1	1	1	1	1	1	1	1	1
100	25	TUMOR	67	1	1	1	1	1	0	0	0	1	1	1	1	1	0	0	0	1	1	1	1	1	1
45	15	TUMOR	68	1	1	1	1	1	0	0	0	1	1	1	1	1	1	1	1	1	1	1	1	1	1
85	55	TUMOR	69	1	1	1	1	1	0	0	0	1	1	1	1	1	0	0	0	1	1	1	1	1	1
40	85	TUMOR	70	1	1	1	1	1	0	0	0	1	1	1	1	1	1	1	1	1	1	1	1	1	1
140	5	TUMOR	71	1	1	1	1	1	0	0	0	1	1	1	1	1	1	1	1	1	1	1	1	1	1
95	15	OTHER	72	1	1	1	1	1	0	0	0	1	1	1	1	1	0	0	0	1	1	1	1	1	1
185	115	TUMOR	73	1	1	1	1	1	0	0	0	1	1	1	1	1	1	1	1	1	1	1	1	1	1
45	55	OTHER	74	1	1	1	1	1	0	0	0	1	1	1	1	1	0	0	0	1	1	1	1	1	1
105	35	OTHER	75	1	1	1	1	1	0	0	0	1	1	1	1	1	0	0	0	1	1	1	1	1	1
140	125	TUMOR	76	1	1	1	1	1	0	0	0	1	1	1	1	1	1	1	1	1	1	1	1	1	1
130	5	TUMOR	77	1	1	1	1	1	0	0	0	1	1	1	1	1	1	1	1	1	1	1	1	1	1
60	105	TUMOR	78	1	1	1	1	1	0	0	0	1	1	1	1	1	1	1	1	1	1	1	1	1	1
199	65	TUMOR	79	1	1	1	1	1	0	0	0	1	1	1	1	1	1	1	1	1	1	1	1	1	1
120	25	TUMOR	80	1	1	1	1	1	0	0	0	1	1	1	1	1	1	1	1	1	1	1	1	1	1
25	75	TUMOR	81	1	1	1	1	1	0	0	0	1	1	1	1	1	1	1	1	1	1	1	1	1	1
160	105	OTHER	82	1	1	1	1	1	0	0	0	1	1	1	1	1	0	0	0	1	1	1	1	1	1
45	115	TUMOR	83	1	1	1	1	1	0	0	0	1	1	1	1	1	0	0	0	1	1	1	1	1	1
185	95	TUMOR	84	1	1	1	1	1	0	0	0	1	1	1	1	1	1	1	1	1	1	1	1	1	1
145	115	OTHER	85	1	1	1	1	1	0	0	0	1	1	1	1	1	0	0	0	1	1	1	1	1	1
135	35	OTHER	86	1	1	1	1	1	0	0	0	1	1	1	1	1	0	0	0	1	1	1	1	1	1
185	15	OTHER	87	1	1	1	1	1	0	0	0	1	1	1	1	1	0	0	0	1	1	1	1	1	1
160	5	TUMOR	88	1	1	1	1	1	0	0	0	1	1	1	1	1	0	0	0	1	1	1	1	1	1
130	85	OTHER	89	1	1	1	1	1	0	0	0	1	1	1	1	1	0	0	0	1	1	1	1	1	1
85	15	TUMOR	90	1	1	1	1	1	0	0	0	1	1	1	1	1	0	0	0	1	1	1	1	1	1
160	125	T-CELL	91	1	1	1	1	1	0	0	0	1	1	1	1	1	0	0	0	1	1	1	1	1	1
0	125	OTHER	92	1	1	1	1	1	0	0	0	1	1	1	1	1	1	1	1	1	1	1	1	1	1
90	125	OTHER	93	1	1	1	1	1	0	0	0	1	1	1	1	1	0	0	0	1	1	1	1	1	1
110	85	TUMOR	94	1	1	1	1	1	0	0	0	1	1	1	1	1	1	1	1	1	1	1	1	1	1
95	95	TUMOR	95	1	1	1	1	1	0	0	0	1	1	1	1	1	0	0	0	1	1	1	1	1	1
100	125	TUMOR	96	1	1	1	1	1	0	0	0	1	1	1	1	1	1	1	1	1	1	1	1	1	1
95	115	TUMOR	97	1	1	1	1	1	0	0	0	1	1	1	1	1	1	1	1	1	1	1	1	1	1
65	95	OTHER	98	1	1	1	1	1	0	0	0	1	1	1	1	1	0	0	0	1	1	1	1	1	1
175	95	OTHER	99	1	1	1	1	1	0	0	0	1	1	1	1	1	1	1	1	1	1	1	1	1	1
190	5	TUMOR	100	1	1	1	1	1	0	0	0	1	1	1	1	1	1	1	1	1	1	1	1	1	1
5	15	OTHER	101	1	1	1	1	1	0	0	0	1	1	1	1	1	1	1	1	1	1	1	1	1	1
50	25	TUMOR	102	1	1	1	1	1	0	0	0	1	1	1	1	1	1	1	1	1	1	1	1	1	1
185	75	TUMOR	103	1	1	1	1	1	0	0	0	1	1	1	1	1	1	1	1	1	1	1	1	1	1
140	65	TUMOR	104	1	1	1	1	1	0	0	0	1	1	1	1	1	1	1	1	1	1	1	1	1	1
5	75	OTHER	105	1	1	1	1	1	0	0	0	1	1	1	1	1	0	0	0	1	1	1	1	1	1
10	105	OTHER	106	1	1	1	1	1	0	0	0	1	1	1	1	1	0	0	0	1	1	1	1	1	1
20	85	T-CELL	107	1	1	1	1	1	0	0	0	1	1	1	1	1	0	0	0	1	1	1	1	1	1
115	55	TUMOR	108	1	1	1	1	1	0	0	0	1	1	1	1	1	1	1	1	1	1	1	1	1	1
155	95	TUMOR	109	1	1	1	1	1	0	0	0	1	1	1	1	1	0	0	0	1	1	1	1	1	1
190	85	OTHER	110	1	1	1	1	1	0	0	0	1	1	1	1	1	0	0	0	1	1	1	1	1	1
30	85	TUMOR	111	1	1	1	1	1	0	0	0	1	1	1	1	1	1	1	1	1	1	1	1	1	1
120	125	OTHER	112	1	1	1	1	1	0	0	0	1	1	1	1	1	0	0	0	1	1	1	1	1	1
185	55	TUMOR	113	1	1	1	1	1	0	0	0	1	1	1	1	1	1	1	1	1	1	1	1	1	1
80	85	OTHER	114	1	1	1	1	1	0	0	0	1	1	1	1	1	0	0	0	1	1	1	1	1	1
145	75	OTHER	115	1	1	1	1	1	0	0	0	1	1	1	1	1	0	0	0	1	1	1	1	1	1
60	25	TUMOR	116	1	1	1	1	1	0	0	0	1	1	1	1	1	0	0	0	1	1	1	1	1	1
80	5	OTHER	117	1	1	1	1	1	0	0	0	1	1	1	1	1	1	1	1	1	1	1	1	1	1
199	5	TUMOR	118	1	1	1	1	1	0	0	0	1	1	1	1	1	1	1	1	1	1	1	1	1	1
180	5	TUMOR	119	1	1	1	1	1	0	0	0	1	1	1	1	1	1	1	1	1	1	1	1	1	1
55	115	TUMOR	120	1	1	1	1	1	0	0	0	1	1	1	1	1	1	1	1	1	1	1	1	1	1
125	75	TUMOR	121	1	1	1	1	1	0	0	0	1	1	1	1	1	1	1	1	1	1	1	1	1	1
135	95	OTHER	122	1	1	1	1	1	0	0	0	1	1	1	1	1	0	0	0	1	1	1	1	1	1
90	65	TUMOR	123	1	1	1	1	1	0	0	0	1	1	1	1	1	0	0	0	1	1	1	1	1	1
70	85	TUMOR	124	1	1	1	1	1	0	0	0	1	1	1	1	1	1	1	1	1	1	1	1	1	1
160	45	OTHER	125	1	1	1	1	1	0	0	0	1	1	1	1	1	0	0	0	1	1	1	1	1	1
120	85	T-CELL	126	1	1	1	1	1	1	1	1	1	1	1	1	1	0	0	0	1	1	1	1	1	1
75	95	TUMOR	127	1	1	1	1	1	0	0	0	1	1	1	1	1	1	1	1	1	1	1	1	1	1
145	15	OTHER	128	1	1	1	1	1	0	0	0	1	1	1	1	1	1	1	1	1	1	1	1	1	1
199	125	OTHER	129	1	1	1	1	1	0	0	0	1	1	1	1	1	1	1	1	1	1	1	1	1	1
65	55	TUMOR	130	1	1	1	1	1	0	0	0	1	1	1	1	1	0	0	0	1	1	1	1	1	1
190	45	TUMOR	131	1	1	1	1	1	0	0	0	1	1	1	1	1	1	1	1	1	1	1	1	1	1
110	125	TUMOR	132	1	1	1	1	1	0	0	0	1	1	1	1	1	0	0	0	1	1	1	1	1	1
10	5	OTHER	133	1	1	1	1	1	0	0	0	1	1	1	1	1	1	1	1	1	1	1	1	1	1
70	25	OTHER	134	1	1	1	1	1	0	0	0	1	1	1	1	1	0	0	0	1	1	1	1	1	1
65	15	OTHER	135	1	1	1	1	1	0	0	0	1	1	1	1	1	0	0	0	1	1	1	1	1	1
70	105	OTHER	136	1	1	1	1	1	0	0	0	1	1	1	1	1	0	0	0	1	1	1	1	1	1
105	95	OTHER	137	1	1	1	1	1	0	0	0	1	1	1	1	1	0	0	0	1	1	1	1	1	1
30	5	TUMOR	138	1	1	1	1	1	0	0	0	1	1	1	1	1	1	1	1	1	1	1	1	1	1
130	125	OTHER	139	1	1	1	1	1	0	0	0	1	1	1	1	1	0	0	0	1	1	1	1	1	1
80	25	OTHER	140	1	1	1	1	1	0	0	0	1	1	1	1	1	1	1	1	1	1	1	1	1	1
20	105	OTHER	141	1	1	1	1	1	0	0	0	1	1	1	1	1	0	0	0	1	1	1	1	1	1
70	5	OTHER	142	1	1	1	1	1	0	0	0	1	1	1	1	1	0	0	0	1	1	1	1	1	1
15	115	OTHER	143	1	1	1	1	1	0	0	0	1	1	1	1	1	0	0	0	1	1	1	1	1	1
195	95	OTHER	144	1	1	1	1	1	0	0	0	1	1	1	1	1	0	0	0	1	1	1	1	1	1
125	35	TUMOR	145	1	1	1	1	1	0	0	0	1	1	1	1	1	0	0	0	1	1	1	1	1	1
5	115	OTHER	146	1	1	1	1	1	0	0	0	1	1	1	1	1	1	1	1	1	1	1	1	1	1
15	75	OTHER	147	1	1	1	1	1	0	0	0	1	1	1	1	1	1	1	1	1	1	1	1	1	1
115	15	TUMOR	148	1	1	1	1	1	0	0	0	1	1	1	1	1	1	1	1	1	1	1	1	1	1
140	105	OTHER	149	1	1	1	1	1	0	0	0	1	1	1	1	1	0	0	0	1	1	1	1	1	1
5	35	OTHER	150	1	1	1	1	1	0	0	0	1	1	1	1	1	0	0	0	1	1	1	1	1	1
199	45	OTHER	151	1	1	1	1	1	0	0	0	1	1	1	1	1	0	0	0	1	1	1	1	1	1
195	15	TUMOR	152	1	1	1	1	1	0	0	0	1	1	1	1	1	1	1	1	1	1	1	1	1	1
20	25	TUMOR	153	1	1	1	1	1	0	0	0	1	1	1	1	1	1	1	1	1	1	1	1	1	1
120	105	OTHER	154	1	1	1	1	1	0	0	0	1	1	1	1	1	0	0	0	1	1	1	1	1	1
50	105	OTHER	155	1	1	1	1	1	0	0	0	1	1	1	1	1	1	1	1	1	1	1	1	1	1
35	35	OTHER	156	1	1	1	1	1	0	0	0	1	1	1	1	1	1	1	1	1	1	1	1	1	1
130	65	OTHER	157	1	1	1	1	1	0	0	0	1	1	1	1	1	0	0	0	1	1	1	1	1	1
110	65	OTHER	158	1	1	1	1	1	0	0	0	1	1	1	1	1	0	0	0	1	1	1	1	1	1
135	55	OTHER	159	1	1	1	1	1	0	0	0	1	1	1	1	1	1	1	1	1	1	1	1	1	1
130	25	OTHER	160	1	1	1	1	1	0	0	0	1	1	1	1	1	0	0	0	1	1	1	1	1	1
20	5	TUMOR	161	1	1	1	1	1	0	0	0	1	1	1	1	1	1	1	1	1	1	1	1	1	1
55	35	OTHER	162	1	1	1	1	1	0	0	0	1	1	1	1	1	0	0	0	1	1	1	1	1	1
10	45	TUMOR	163	1	1	1	1	1	0	0	0	1	1	1	1	1	0	0	0	1	1	1	1	1	1
25	55	OTHER	164	1	1	1	1	1	0	0	0	1	1	1	1	1	0	0	0	1	1	1	1	1	1
30	25	OTHER	165	1	1	1	1	1	0	0	0	1	1	1	1	1	0	0	0	1	1	1	1	1	1
175	75	OTHER	166	1	1	1	1	1	0	0	0	1	1	1	1	1	0	0	0	1	1	1	1	1	1
50	125	OTHER	167	1	1	1	1	1	0	0	0	1	1	1	1	1	0	0	0	1	1	1	1	1	1
125	15	OTHER	168	1	1	1	1	1	0	0	0	1	1	1	1	1	0	0	0	1	1	1	1	1	1
140	45	TUMOR	169	1	1	1	1	1	0	0	0	1	1	1	1	1	1	1	1	1	1	1	1	1	1
95	55	TUMOR	170	1	1	1	1	1	0	0	0	1	1	1	1	1	0	0	0	1	1	1	1	1	1
120	45	OTHER	171	1	1	1	1	1	0	0	0	1	1	1	1	1	0	0	0	1	1	1	1	1	1
55	15	OTHER	172	1	1	1	1	1	0	0	0	1	1	1	1	1	1	1	1	1	1	1	1	1	1
160	25	OTHER	173	1	1	1	1	1	0	0	0	1	1	1	1	1	0	0	0	1	1	1	1	1	1
70	65	TUMOR	174	1	1	1	1	1	0	0	0	1	1	1	1	1	1	1	1	1	1	1	1	1	1
140	25	TUMOR	175	1	1	1	1	1	0	0	0	1	1	1	1	1	1	1	1	1	1	1	1	1	1
155	35	OTHER	176	1	1	1	1	1	0	0	0	1	1	1	1	1	0	0	0	1	1	1	1	1	1
165	115	TUMOR	177	1	1	1	1	1	0	0	0	1	1	1	1	1	1	1	1	1	1	1	1	1	1
130	45	T-CELL	178	1	1	1	1	1	0	0	0	1	1	1	1	1	0	0	0	1	1	1	1	1	1
45	35	OTHER	179	1	1	1	1	1	0	0	0	1	1	1	1	1	0	0	0	1	1	1	1	1	1
150	105	OTHER	180	1	1	1	1	1	0	0	0	1	1	1	1	1	1	1	1	1	1	1	1	1	1
0	65	TUMOR	181	1	1	1	1	1	0	0	0	1	1	1	1	1	1	1	1	1	1	1	1	1	1
90	25	OTHER	182	1	1	1	1	1	0	0	0	1	1	1	1	1	1	1	1	1	1	1	1	1	1
150	5	OTHER	183	1	1	1	1	1	0	0	0	1	1	1	1	1	1	1	1	1	1	1	1	1	1
150	25	TUMOR	184	1	1	1	1	1	0	0	0	1	1	1	1	1	1	1	1	1	1	1	1	1	1
145	35	TUMOR	185	1	1	1	1	1	0	0	0	1	1	1	1	1	1	1	1	1	1	1	1	1	1
195	55	TUMOR	186	1	1	1	1	1	0	0	0	1	1	1	1	1	1	1	1	1	1	1	1	1	1
30	45	OTHER	187	1	1	1	1	1	0	0	0	1	1	1	1	1	1	1	1	1	1	1	1	1	1
105	55	TUMOR	188	1	1	1	1	1	0	0	0	1	1	1	1	1	0	0	0	1	1	1	1	1	1
60	85	TUMOR	189	1	1	1	1	1	0	0	0	1	1	1	1	1	1	1	1	1	1	1	1	1	1
30	105	TUMOR	190	1	1	1	1	1	0	0	0	1	1	1	1	1	1	1	1	1	1	1	1	1	1
25	95	OTHER	191	1	1	1	1	1	0	0	0	1	1	1	1	1	0	0	0	1	1	1	1	1	1
105	115	TUMOR	192	1	1	1	1	1	0	0	0	1	1	1	1	1	0	0	0	1	1	1	1	1	1
60	5	OTHER	193	1	1	1	1	1	0	0	0	1	1	1	1	1	0	0	0	1	1	1	1	1	1
70	45	OTHER	194	1	1	1	1	1	0	0	0	1	1	1	1	1	0	0	0	1	1	1	1	1	1
170	105	OTHER	195	1	1	1	1	1	0	0	0	1	1	1	1	1	0	0	0	1	1	1	1	1	1
115	115	TUMOR	196	1	1	1	1	1	0	0	0	1	1	1	1	1	0	0	0	1	1	1	1	1	1
195	115	TUMOR	197	1	1	1	1	1	0	0	0	1	1	1	1	1	0	0	0	1	1	1	1	1	1
195	75	TUMOR	198	1	1	1	1	1	0	0	0	1	1	1	1	1	1	1	1	1	1	1	1	1	1
15	95	TUMOR	199	1	1	1	1	1	0	0	0	1	1	1	1	1	1	1	1	1	1	1	1	1	1
105	75	TUMOR	200	1	1	1	1	1	0	0	0	1	1	1	1	1	1	1	1	1	1	1	1	1	1
20	65	TUMOR	201	1	1	1	1	1	0	0	0	1	1	1	1	1	1	1	1	1	1	1	1	1	1
55	95	TUMOR	202	1	1	1	1	1	0	0	0	1	1	1	1	1	1	1	1	1	1	1	1	1	1
165	35	OTHER	203	1	1	1	1	1	0	0	0	1	1	1	1	1	0	0	0	1	1	1	1	1	1
5	95	OTHER	204	1	1	1	1	1	0	0	0	1	1	1	1	1	1	1	1	1	1	1	1	1	1
20	125	OTHER	205	1	1	1	1	1	0	0	0	1	1	1	1	1	0	0	0	1	1	1	1	1	1
40	65	TUMOR	206	1	1	1	1	1	0	0	0	1	1	1	1	1	1	1	1	1	1	1	1	1	1
55	75	OTHER	207	1	1	1	1	1	0	0	0	1	1	1	1	1	0	0	0	1	1	1	1	1	1
165	15	OTHER	208	1	1	1	1	1	0	0	0	1	1	1	1	1	0	0	0	1	1	1	1	1	1
60	65	TUMOR	209	1	1	1	1	1	0	0	0	1	1	1	1	1	1	1	1	1	1	1	1	1	1
85	75	OTHER	210	1	1	1	1	1	0	0	0	1	1	1	1	1	0	0	0	1	1	1	1	1	1
40	5	OTHER	211	1	1	1	1	1	0	0	0	1	1	1	1	1	0	0	0	1	1	1	1	1	1
15	55	TUMOR	212	1	1	1	1	1	0	0	0	1	1	1	1	1	0	0	0	1	1	1	1	1	1
185	35	OTHER	213	1	1	1	1	1	0	0	0	1	1	1	1	1	1	1	1	1	1	1	1	1	1
10	85	TUMOR	214	1	1	1	1	1	0	0	0	1	1	1	1	1	1	1	1	1	1	1	1	1	1
85	95	OTHER	215	1	1	1	1	1	0	0	0	1	1	1	1	1	0	0	0	1	1	1	1	1	1
125	95	OTHER	216	1	1	1	1	1	0	0	0	1	1	1	1	1	0	0	0	1	1	1	1	1	1
180	105	OTHER	217	1	1	1	1	1	0	0	0	1	1	1	1	1	0	0	0	1	1	1	1	1	1
170	85	TUMOR	218	1	1	1	1	1	0	0	0	1	1	1	1	1	1	1	1	1	1	1	1	1	1
55	55	OTHER	219	1	1	1	1	1	0	0	0	1	1	1	1	1	1	1	1	1	1	1	1	1	1
35	115	OTHER	220	1	1	1	1	1	0	0	0	1	1	1	1	1	0	0	0	1	1	1	1	1	1
199	105	TUMOR	221	1	1	1	1	1	0	0	0	1	1	1	1	1	1	1	1	1	1	1	1	1	1
100	85	OTHER	222	1	1	1	1	1	0	0	0	1	1	1	1	1	1	1	1	1	1	1	1	1	1
65	75	OTHER	223	1	1	1	1	1	0	0	0	1	1	1	1	1	0	0	0	1	1	1	1	1	1
155	15	OTHER	224	1	1	1	1	1	0	0	0	1	1	1	1	1	1	1	1	1	1	1	1	1	1
160	65	TUMOR	225	1	1	1	1	1	0	0	0	1	1	1	1	1	0	0	0	1	1	1	1	1	1
160	85	TUMOR	226	1	1	1	1	1	0	0	0	1	1	1	1	1	1	1	1	1	1	1	1	1	1
165	75	OTHER	227	1	1	1	1	1	0	0	0	1	1	1	1	1	0	0	0	1	1	1	1	1	1
20	45	OTHER	228	1	1	1	1	1	0	0	0	1	1	1	1	1	0	0	0	1	1	1	1	1	1
180	65	OTHER	229	1	1	1	1	1	0	0	0	1	1	1	1	1	0	0	0	1	1	1	1	1	1
170	5	OTHER	230	1	1	1	1	1	0	0	0	1	1	1	1	1	0	0	0	1	1	1	1	1	1
90	5	T-CELL	231	1	1	1	1	1	1	1	1	1	1	1	1	1	0	0	0	1	1	1	1	1	1
40	105	TUMOR	232	1	1	1	1	1	0	0	0	1	1	1	1	1	1	1	1	1	1	1	1	1	1
199	85	OTHER	233	1	1	1	1	1	0	0	0	1	1	1	1	1	1	1	1	1	1	1	1	1	1
180	85	TUMOR	234	1	1	1	1	1	0	0	0	1	1	1	1	1	1	1	1	1	1	1	1	1	1
190	105	OTHER	235	1	1	1	1	1	0	0	0	1	1	1	1	1	0	0	0	1	1	1	1	1	1
50	5	T-CELL	236	1	1	1	1	1	0	0	0	1	1	1	1	1	0	0	0	1	1	1	1	1	1
175	115	OTHER	237	1	1	1	1	1	0	0	0	1	1	1	1	1	0	0	0	1	1	1	1	1	1
199	25	TUMOR	238	1	1	1	1	1	0	0	0	1	1	1	1	1	1	1	1	1	1	1	1	1	1
40	45	TUMOR	239	1	1	1	1	1	0	0	0	1	1	1	1	1	0	0	0	1	1	1	1	1	1
95	75	OTHER	240	1	1	1	1	1	0	0	0	1	1	1	1	1	1	1	1	1	1	1	1	1	1
115	95	TUMOR	241	1	1	1	1	1	0	0	0	1	1	1	1	1	1	1	1	1	1	1	1	1	1
90	45	T-CELL	242	1	1	1	1	1	0	0	0	1	1	1	1	1	0	0	0	1	1	1	1	1	1
130	105	OTHER	243	1	1	1	1	1	0	0	0	1	1	1	1	1	1	1	1	1	1	1	1	1	1
30	125	TUMOR	244	1	1	1	1	1	0	0	0	1	1	1	1	1	1	1	1	1	1	1	1	1	1
40	25	OTHER	245	1	1	1	1	1	0	0	0	1	1	1	1	1	0	0	0	1	1	1	1	1	1
105	15	T-CELL	246	1	1	1	1	1	0	0	0	1	1	1	1	1	0	0	0	1	1	1	1	1	1
15	35	TUMOR	247	1	1	1	1	1	0	0	0	1	1	1	1	1	1	1	1	1	1	1	1	1	1
35	15	TUMOR	248	1	1	1	1	1	0	0	0	1	1	1	1	1	0	0	0	1	1	1	1	1	1
75	115	OTHER	249	1	1	1	1	1	0	0	0	1	1	1	1	1	0	0	0	1	1	1	1	1	1
35	55	OTHER	250	1	1	1	1	1	0	0	0	1	1	1	1	1	0	0	0	1	1	1	1	1	1
50	45	OTHER	251	1	1	1	1	1	0	0	0	1	1	1	1	1	0	0	0	1	1	1	1	1	1
50	65	OTHER	252	1	1	1	1	1	0	0	0	1	1	1	1	1	0	0	0	1	1	1	1	1	1
80	65	TUMOR	253	1	1	1	1	1	0	0	0	1	1	1	1	1	1	1	1	1	1	1	1	1	1
175	35	TUMOR	254	1	1	1	1	1	0	0	0	1	1	1	1	1	0	0	0	1	1	1	1	1	1
70	125	OTHER	255	1	1	1	1	1	0	0	0	1	1	1	1	1	1	1	1	1	1	1	1	1	1
150	85	TUMOR	256	1	1	1	1	1	0	0	0	1	1	1	1	1	0	0	0	1	1	1	1	1	1
80	105	TUMOR	257	1	1	1	1	1	0	0	0	1	1	1	1	1	1	1	1	1	1	1	1	1	1
170	65	OTHER	258	1	1	1	1	1	0	0	0	1	1	1	1	1	0	0	0	1	1	1	1	1	1
85	35	TUMOR	259	1	1	1	1	1	0	0	0	1	1	1	1	1	1	1	1	1	1	1	1	1	1
100	105	TUMOR	260	1	1	1	1	1	0	0	0	1	1	1	1	1	1	1	1	1	1	1	1	1	1
60	45	TUMOR	261	1	1	1	1	1	0	0	0	1	1	1	1	1	0	0	0	1	1	1	1	1	1
5	55	TUMOR	262	1	1	1	1	1	0	0	0	1	1	1	1	1	0	0	0	1	1	1	1	1	1
90	85	T-CELL	263	1	1	1	1	1	0	0	0	1	1	1	1	1	0	0	0	1	1	1	1	1	1
30	65	OTHER	264	1	1	1	1	1	0	0	0	1	1	1	1	1	0	0	0	1	1	1	1	1	1
155	55	TUMOR	265	1	1	1	1	1	0	0	0	1	1	1	1	1	0	0	0	1	1	1	1	1	1
155	115	OTHER	266	1	1	1	1	1	0	0	0	1	1	1	1	1	1	1	1	1	1	1	1	1	1
15	15	TUMOR	267	1	1	1	1	1	0	0	0	1	1	1	1	1	1	1	1	1	1	1	1	1	1
