Cell X Position	Cell Y Position	Phenotype	Cell ID	Nucleus Area (pixels)	Nucleus Area (percent)	Nucleus Compactness	Nucleus Minor Axis	Nucleus Major Axis	Entire Cell PD-1 (Opal 540) Mean (Normalized Counts, Total Weighting)	Nucleus PD-1 (Opal 540) Mean (Normalized Counts, Total Weighting)	Membrane PD-1 (Opal 540) Mean (Normalized Counts, Total Weighting)	Membrane Area (pixels)	Membrane Area (percent)	Membrane Compactness	Membrane Minor Axis	Membrane Major Axis	Nucleus PD-Ligand-1 (Opal 690) Mean (Normalized Counts, Total Weighting)	Entire Cell PD-Ligand-1 (Opal 690) Mean (Normalized Counts, Total Weighting)	Membrane PD-Ligand-1 (Opal 690) Mean (Normalized Counts, Total Weighting)	Entire Cell Area (pixels)	Entire Cell Area (percent)	Entire Cell Compactness	Entire Cell Minor Axis	Entire Cell Major Axis	Confidence
35	15	OTHER	1	1	1	1	1	1	0	0	0	1	1	1	1	1	0	0	0	1	1	1	1	1	1
60	25	OTHER	2	1	1	1	1	1	0	0	0	1	1	1	1	1	0	0	0	1	1	1	1	1	1
115	55	T-CELL	3	1	1	1	1	1	0	0	0	1	1	1	1	1	0	0	0	1	1	1	1	1	1
110	45	TUMOR	4	1	1	1	1	1	0	0	0	1	1	1	1	1	0	0	0	1	1	1	1	1	1
120	105	OTHER	5	1	1	1	1	1	0	0	0	1	1	1	1	1	0	0	0	1	1	1	1	1	1
165	55	TUMOR	6	1	1	1	1	1	0	0	0	1	1	1	1	1	1	1	1	1	1	1	1	1	1
130	125	OTHER	7	1	1	1	1	1	0	0	0	1	1	1	1	1	0	0	0	1	1	1	1	1	1
50	5	TUMOR	8	1	1	1	1	1	0	0	0	1	1	1	1	1	1	1	1	1	1	1	1	1	1
185	15	TUMOR	9	1	1	1	1	1	0	0	0	1	1	1	1	1	0	0	0	1	1	1	1	1	1
190	5	OTHER	10	1	1	1	1	1	0	0	0	1	1	1	1	1	0	0	0	1	1	1	1	1	1
195	35	TUMOR	11	1	1	1	1	1	0	0	0	1	1	1	1	1	1	1	1	1	1	1	1	1	1
160	85	OTHER	12	1	1	1	1	1	0	0	0	1	1	1	1	1	1	1	1	1	1	1	1	1	1
35	75	OTHER	13	1	1	1	1	1	0	0	0	1	1	1	1	1	0	0	0	1	1	1	1	1	1
10	105	TUMOR	14	1	1	1	1	1	0	0	0	1	1	1	1	1	1	1	1	1	1	1	1	1	1
150	105	TUMOR	15	1	1	1	1	1	0	0	0	1	1	1	1	1	0	0	0	1	1	1	1	1	1
170	5	TUMOR	16	1	1	1	1	1	0	0	0	1	1	1	1	1	0	0	0	1	1	1	1	1	1
155	35	TUMOR	17	1	1	1	1	1	0	0	0	1	1	1	1	1	1	1	1	1	1	1	1	1	1
70	5	T-CELL	18	1	1	1	1	1	0	0	0	1	1	1	1	1	0	0	0	1	1	1	1	1	1
95	15	TUMOR	19	1	1	1	1	1	0	0	0	1	1	1	1	1	1	1	1	1	1	1	1	1	1
105	15	OTHER	20	1	1	1	1	1	0	0	0	1	1	1	1	1	0	0	0	1	1	1	1	1	1
25	35	TUMOR	21	1	1	1	1	1	0	0	0	1	1	1	1	1	1	1	1	1	1	1	1	1	1
0	25	TUMOR	22	1	1	1	1	1	0	0	0	1	1	1	1	1	1	1	1	1	1	1	1	1	1
155	55	OTHER	23	1	1	1	1	1	0	0	0	1	1	1	1	1	0	0	0	1	1	1	1	1	1
55	55	OTHER	24	1	1	1	1	1	0	0	0	1	1	1	1	1	0	0	0	1	1	1	1	1	1
135	75	OTHER	25	1	1	1	1	1	0	0	0	1	1	1	1	1	1	1	1	1	1	1	1	1	1
135	35	T-CELL	26	1	1	1	1	1	1	1	1	1	1	1	1	1	0	0	0	1	1	1	1	1	1
125	115	TUMOR	27	1	1	1	1	1	0	0	0	1	1	1	1	1	1	1	1	1	1	1	1	1	1
170	45	TUMOR	28	1	1	1	1	1	0	0	0	1	1	1	1	1	1	1	1	1	1	1	1	1	1
185	35	OTHER	29	1	1	1	1	1	0	0	0	1	1	1	1	1	0	0	0	1	1	1	1	1	1
130	65	TUMOR	30	1	1	1	1	1	0	0	0	1	1	1	1	1	0	0	0	1	1	1	1	1	1
35	35	TUMOR	31	1	1	1	1	1	0	0	0	1	1	1	1	1	0	0	0	1	1	1	1	1	1
70	45	OTHER	32	1	1	1	1	1	0	0	0	1	1	1	1	1	0	0	0	1	1	1	1	1	1
20	105	TUMOR	33	1	1	1	1	1	0	0	0	1	1	1	1	1	1	1	1	1	1	1	1	1	1
130	105	OTHER	34	1	1	1	1	1	0	0	0	1	1	1	1	1	0	0	0	1	1	1	1	1	1
65	115	OTHER	35	1	1	1	1	1	0	0	0	1	1	1	1	1	0	0	0	1	1	1	1	1	1
90	45	TUMOR	36	1	1	1	1	1	0	0	0	1	1	1	1	1	1	1	1	1	1	1	1	1	1
185	75	OTHER	37	1	1	1	1	1	0	0	0	1	1	1	1	1	0	0	0	1	1	1	1	1	1
45	55	OTHER	38	1	1	1	1	1	0	0	0	1	1	1	1	1	0	0	0	1	1	1	1	1	1
170	85	TUMOR	39	1	1	1	1	1	0	0	0	1	1	1	1	1	1	1	1	1	1	1	1	1	1
75	115	TUMOR	40	1	1	1	1	1	0	0	0	1	1	1	1	1	1	1	1	1	1	1	1	1	1
30	85	OTHER	41	1	1	1	1	1	0	0	0	1	1	1	1	1	0	0	0	1	1	1	1	1	1
170	25	OTHER	42	1	1	1	1	1	0	0	0	1	1	1	1	1	0	0	0	1	1	1	1	1	1
90	85	TUMOR	43	1	1	1	1	1	0	0	0	1	1	1	1	1	1	1	1	1	1	1	1	1	1
5	55	TUMOR	44	1	1	1	1	1	0	0	0	1	1	1	1	1	1	1	1	1	1	1	1	1	1
185	115	TUMOR	45	1	1	1	1	1	0	0	0	1	1	1	1	1	0	0	0	1	1	1	1	1	1
35	115	OTHER	46	1	1	1	1	1	0	0	0	1	1	1	1	1	1	1	1	1	1	1	1	1	1
140	85	TUMOR	47	1	1	1	1	1	0	0	0	1	1	1	1	1	1	1	1	1	1	1	1	1	1
165	115	TUMOR	48	1	1	1	1	1	0	0	0	1	1	1	1	1	0	0	0	1	1	1	1	1	1
130	45	OTHER	49	1	1	1	1	1	0	0	0	1	1	1	1	1	0	0	0	1	1	1	1	1	1
145	75	OTHER	50	1	1	1	1	1	0	0	0	1	1	1	1	1	1	1	1	1	1	1	1	1	1
70	125	OTHER	51	1	1	1	1	1	0	0	0	1	1	1	1	1	0	0	0	1	1	1	1	1	1
105	75	OTHER	52	1	1	1	1	1	0	0	0	1	1	1	1	1	0	0	0	1	1	1	1	1	1
125	75	OTHER	53	1	1	1	1	1	0	0	0	1	1	1	1	1	0	0	0	1	1	1	1	1	1
145	35	OTHER	54	1	1	1	1	1	0	0	0	1	1	1	1	1	0	0	0	1	1	1	1	1	1
30	125	TUMOR	55	1	1	1	1	1	0	0	0	1	1	1	1	1	1	1	1	1	1	1	1	1	1
120	5	TUMOR	56	1	1	1	1	1	0	0	0	1	1	1	1	1	1	1	1	1	1	1	1	1	1
199	5	TUMOR	57	1	1	1	1	1	0	0	0	1	1	1	1	1	1	1	1	1	1	1	1	1	1
170	105	TUMOR	58	1	1	1	1	1	0	0	0	1	1	1	1	1	0	0	0	1	1	1	1	1	1
165	15	OTHER	59	1	1	1	1	1	0	0	0	1	1	1	1	1	1	1	1	1	1	1	1	1	1
195	95	TUMOR	60	1	1	1	1	1	0	0	0	1	1	1	1	1	1	1	1	1	1	1	1	1	1
65	15	OTHER	61	1	1	1	1	1	0	0	0	1	1	1	1	1	0	0	0	1	1	1	1	1	1
115	15	OTHER	62	1	1	1	1	1	0	0	0	1	1	1	1	1	0	0	0	1	1	1	1	1	1
95	95	OTHER	63	1	1	1	1	1	0	0	0	1	1	1	1	1	1	1	1	1	1	1	1	1	1
120	25	OTHER	64	1	1	1	1	1	0	0	0	1	1	1	1	1	0	0	0	1	1	1	1	1	1
45	115	OTHER	65	1	1	1	1	1	0	0	0	1	1	1	1	1	1	1	1	1	1	1	1	1	1
80	125	OTHER	66	1	1	1	1	1	0	0	0	1	1	1	1	1	0	0	0	1	1	1	1	1	1
0	125	TUMOR	67	1	1	1	1	1	0	0	0	1	1	1	1	1	1	1	1	1	1	1	1	1	1
80	85	T-CELL	68	1	1	1	1	1	0	0	0	1	1	1	1	1	0	0	0	1	1	1	1	1	1
180	65	OTHER	69	1	1	1	1	1	0	0	0	1	1	1	1	1	0	0	0	1	1	1	1	1	1
5	35	OTHER	70	1	1	1	1	1	0	0	0	1	1	1	1	1	0	0	0	1	1	1	1	1	1
10	5	TUMOR	71	1	1	1	1	1	0	0	0	1	1	1	1	1	1	1	1	1	1	1	1	1	1
70	105	OTHER	72	1	1	1	1	1	0	0	0	1	1	1	1	1	0	0	0	1	1	1	1	1	1
105	95	TUMOR	73	1	1	1	1	1	0	0	0	1	1	1	1	1	0	0	0	1	1	1	1	1	1
160	5	OTHER	74	1	1	1	1	1	0	0	0	1	1	1	1	1	1	1	1	1	1	1	1	1	1
180	85	OTHER	75	1	1	1	1	1	0	0	0	1	1	1	1	1	0	0	0	1	1	1	1	1	1
110	25	OTHER	76	1	1	1	1	1	0	0	0	1	1	1	1	1	1	1	1	1	1	1	1	1	1
190	85	OTHER	77	1	1	1	1	1	0	0	0	1	1	1	1	1	0	0	0	1	1	1	1	1	1
15	55	TUMOR	78	1	1	1	1	1	0	0	0	1	1	1	1	1	1	1	1	1	1	1	1	1	1
199	105	TUMOR	79	1	1	1	1	1	0	0	0	1	1	1	1	1	1	1	1	1	1	1	1	1	1
5	15	OTHER	80	1	1	1	1	1	0	0	0	1	1	1	1	1	0	0	0	1	1	1	1	1	1
115	115	TUMOR	81	1	1	1	1	1	0	0	0	1	1	1	1	1	1	1	1	1	1	1	1	1	1
120	85	TUMOR	82	1	1	1	1	1	0	0	0	1	1	1	1	1	1	1	1	1	1	1	1	1	1
150	85	OTHER	83	1	1	1	1	1	0	0	0	1	1	1	1	1	0	0	0	1	1	1	1	1	1
60	45	TUMOR	84	1	1	1	1	1	0	0	0	1	1	1	1	1	1	1	1	1	1	1	1	1	1
165	35	TUMOR	85	1	1	1	1	1	0	0	0	1	1	1	1	1	1	1	1	1	1	1	1	1	1
100	25	OTHER	86	1	1	1	1	1	0	0	0	1	1	1	1	1	0	0	0	1	1	1	1	1	1
25	15	TUMOR	87	1	1	1	1	1	0	0	0	1	1	1	1	1	1	1	1	1	1	1	1	1	1
80	25	TUMOR	88	1	1	1	1	1	0	0	0	1	1	1	1	1	0	0	0	1	1	1	1	1	1
199	45	TUMOR	89	1	1	1	1	1	0	0	0	1	1	1	1	1	1	1	1	1	1	1	1	1	1
105	35	OTHER	90	1	1	1	1	1	0	0	0	1	1	1	1	1	1	1	1	1	1	1	1	1	1
100	85	OTHER	91	1	1	1	1	1	0	0	0	1	1	1	1	1	0	0	0	1	1	1	1	1	1
145	95	TUMOR	92	1	1	1	1	1	0	0	0	1	1	1	1	1	1	1	1	1	1	1	1	1	1
160	65	TUMOR	93	1	1	1	1	1	0	0	0	1	1	1	1	1	0	0	0	1	1	1	1	1	1
35	95	TUMOR	94	1	1	1	1	1	0	0	0	1	1	1	1	1	1	1	1	1	1	1	1	1	1
20	65	OTHER	95	1	1	1	1	1	0	0	0	1	1	1	1	1	0	0	0	1	1	1	1	1	1
50	25	TUMOR	96	1	1	1	1	1	0	0	0	1	1	1	1	1	1	1	1	1	1	1	1	1	1
120	65	TUMOR	97	1	1	1	1	1	0	0	0	1	1	1	1	1	1	1	1	1	1	1	1	1	1
55	15	OTHER	98	1	1	1	1	1	0	0	0	1	1	1	1	1	0	0	0	1	1	1	1	1	1
140	5	TUMOR	99	1	1	1	1	1	0	0	0	1	1	1	1	1	1	1	1	1	1	1	1	1	1
175	75	TUMOR	100	1	1	1	1	1	0	0	0	1	1	1	1	1	1	1	1	1	1	1	1	1	1
195	15	TUMOR	101	1	1	1	1	1	0	0	0	1	1	1	1	1	1	1	1	1	1	1	1	1	1
195	115	OTHER	102	1	1	1	1	1	0	0	0	1	1	1	1	1	0	0	0	1	1	1	1	1	1
80	65	TUMOR	103	1	1	1	1	1	0	0	0	1	1	1	1	1	1	1	1	1	1	1	1	1	1
60	5	OTHER	104	1	1	1	1	1	0	0	0	1	1	1	1	1	0	0	0	1	1	1	1	1	1
60	85	OTHER	105	1	1	1	1	1	0	0	0	1	1	1	1	1	1	1	1	1	1	1	1	1	1
70	65	TUMOR	106	1	1	1	1	1	0	0	0	1	1	1	1	1	1	1	1	1	1	1	1	1	1
40	45	OTHER	107	1	1	1	1	1	0	0	0	1	1	1	1	1	0	0	0	1	1	1	1	1	1
115	35	OTHER	108	1	1	1	1	1	0	0	0	1	1	1	1	1	0	0	0	1	1	1	1	1	1
190	105	TUMOR	109	1	1	1	1	1	0	0	0	1	1	1	1	1	1	1	1	1	1	1	1	1	1
85	95	OTHER	110	1	1	1	1	1	0	0	0	1	1	1	1	1	0	0	0	1	1	1	1	1	1
95	35	OTHER	111	1	1	1	1	1	0	0	0	1	1	1	1	1	0	0	0	1	1	1	1	1	1
45	75	TUMOR	112	1	1	1	1	1	0	0	0	1	1	1	1	1	0	0	0	1	1	1	1	1	1
90	25	TUMOR	113	1	1	1	1	1	0	0	0	1	1	1	1	1	1	1	1	1	1	1	1	1	1
75	35	OTHER	114	1	1	1	1	1	0	0	0	1	1	1	1	1	0	0	0	1	1	1	1	1	1
85	35	OTHER	115	1	1	1	1	1	0	0	0	1	1	1	1	1	1	1	1	1	1	1	1	1	1
180	5	TUMOR	116	1	1	1	1	1	0	0	0	1	1	1	1	1	0	0	0	1	1	1	1	1	1
0	105	TUMOR	117	1	1	1	1	1	0	0	0	1	1	1	1	1	1	1	1	1	1	1	1	1	1
30	5	OTHER	118	1	1	1	1	1	0	0	0	1	1	1	1	1	0	0	0	1	1	1	1	1	1
160	105	OTHER	119	1	1	1	1	1	0	0	0	1	1	1	1	1	0	0	0	1	1	1	1	1	1
75	55	TUMOR	120	1	1	1	1	1	0	0	0	1	1	1	1	1	1	1	1	1	1	1	1	1	1
20	45	OTHER	121	1	1	1	1	1	0	0	0	1	1	1	1	1	1	1	1	1	1	1	1	1	1
100	5	TUMOR	122	1	1	1	1	1	0	0	0	1	1	1	1	1	1	1	1	1	1	1	1	1	1
15	75	T-CELL	123	1	1	1	1	1	1	1	1	1	1	1	1	1	0	0	0	1	1	1	1	1	1
150	65	OTHER	124	1	1	1	1	1	0	0	0	1	1	1	1	1	0	0	0	1	1	1	1	1	1
30	25	TUMOR	125	1	1	1	1	1	0	0	0	1	1	1	1	1	1	1	1	1	1	1	1	1	1
0	85	OTHER	126	1	1	1	1	1	0	0	0	1	1	1	1	1	0	0	0	1	1	1	1	1	1
105	55	TUMOR	127	1	1	1	1	1	0	0	0	1	1	1	1	1	1	1	1	1	1	1	1	1	1
15	115	TUMOR	128	1	1	1	1	1	0	0	0	1	1	1	1	1	1	1	1	1	1	1	1	1	1
20	85	T-CELL	129	1	1	1	1	1	0	0	0	1	1	1	1	1	0	0	0	1	1	1	1	1	1
85	75	TUMOR	130	1	1	1	1	1	0	0	0	1	1	1	1	1	1	1	1	1	1	1	1	1	1
195	75	T-CELL	131	1	1	1	1	1	1	1	1	1	1	1	1	1	0	0	0	1	1	1	1	1	1
190	125	TUMOR	132	1	1	1	1	1	0	0	0	1	1	1	1	1	1	1	1	1	1	1	1	1	1
135	15	OTHER	133	1	1	1	1	1	0	0	0	1	1	1	1	1	0	0	0	1	1	1	1	1	1
65	95	OTHER	134	1	1	1	1	1	0	0	0	1	1	1	1	1	0	0	0	1	1	1	1	1	1
40	125	TUMOR	135	1	1	1	1	1	0	0	0	1	1	1	1	1	1	1	1	1	1	1	1	1	1
155	75	OTHER	136	1	1	1	1	1	0	0	0	1	1	1	1	1	0	0	0	1	1	1	1	1	1
130	85	TUMOR	137	1	1	1	1	1	0	0	0	1	1	1	1	1	0	0	0	1	1	1	1	1	1
80	105	OTHER	138	1	1	1	1	1	0	0	0	1	1	1	1	1	0	0	0	1	1	1	1	1	1
175	35	TUMOR	139	1	1	1	1	1	0	0	0	1	1	1	1	1	0	0	0	1	1	1	1	1	1
50	85	TUMOR	140	1	1	1	1	1	0	0	0	1	1	1	1	1	1	1	1	1	1	1	1	1	1
130	5	T-CELL	141	1	1	1	1	1	1	1	1	1	1	1	1	1	0	0	0	1	1	1	1	1	1
180	125	OTHER	142	1	1	1	1	1	0	0	0	1	1	1	1	1	0	0	0	1	1	1	1	1	1
30	45	TUMOR	143	1	1	1	1	1	0	0	0	1	1	1	1	1	0	0	0	1	1	1	1	1	1
155	115	OTHER	144	1	1	1	1	1	0	0	0	1	1	1	1	1	0	0	0	1	1	1	1	1	1
105	115	OTHER	145	1	1	1	1	1	0	0	0	1	1	1	1	1	0	0	0	1	1	1	1	1	1
125	35	TUMOR	146	1	1	1	1	1	0	0	0	1	1	1	1	1	0	0	0	1	1	1	1	1	1
155	15	TUMOR	147	1	1	1	1	1	0	0	0	1	1	1	1	1	1	1	1	1	1	1	1	1	1
185	95	TUMOR	148	1	1	1	1	1	0	0	0	1	1	1	1	1	0	0	0	1	1	1	1	1	1
110	105	TUMOR	149	1	1	1	1	1	0	0	0	1	1	1	1	1	1	1	1	1	1	1	1	1	1
75	15	OTHER	150	1	1	1	1	1	0	0	0	1	1	1	1	1	1	1	1	1	1	1	1	1	1
70	25	TUMOR	151	1	1	1	1	1	0	0	0	1	1	1	1	1	1	1	1	1	1	1	1	1	1
30	65	OTHER	152	1	1	1	1	1	0	0	0	1	1	1	1	1	0	0	0	1	1	1	1	1	1
165	95	TUMOR	153	1	1	1	1	1	0	0	0	1	1	1	1	1	0	0	0	1	1	1	1	1	1
10	45	TUMOR	154	1	1	1	1	1	0	0	0	1	1	1	1	1	1	1	1	1	1	1	1	1	1
190	65	TUMOR	155	1	1	1	1	1	0	0	0	1	1	1	1	1	1	1	1	1	1	1	1	1	1
125	55	OTHER	156	1	1	1	1	1	0	0	0	1	1	1	1	1	0	0	0	1	1	1	1	1	1
199	85	TUMOR	157	1	1	1	1	1	0	0	0	1	1	1	1	1	1	1	1	1	1	1	1	1	1
45	95	OTHER	158	1	1	1	1	1	0	0	0	1	1	1	1	1	0	0	0	1	1	1	1	1	1
110	85	OTHER	159	1	1	1	1	1	0	0	0	1	1	1	1	1	0	0	0	1	1	1	1	1	1
125	15	OTHER	160	1	1	1	1	1	0	0	0	1	1	1	1	1	1	1	1	1	1	1	1	1	1
40	105	OTHER	161	1	1	1	1	1	0	0	0	1	1	1	1	1	0	0	0	1	1	1	1	1	1
180	45	OTHER	162	1	1	1	1	1	0	0	0	1	1	1	1	1	0	0	0	1	1	1	1	1	1
120	45	OTHER	163	1	1	1	1	1	0	0	0	1	1	1	1	1	0	0	0	1	1	1	1	1	1
175	15	OTHER	164	1	1	1	1	1	0	0	0	1	1	1	1	1	0	0	0	1	1	1	1	1	1
140	125	TUMOR	165	1	1	1	1	1	0	0	0	1	1	1	1	1	0	0	0	1	1	1	1	1	1
55	95	OTHER	166	1	1	1	1	1	0	0	0	1	1	1	1	1	0	0	0	1	1	1	1	1	1
95	115	OTHER	167	1	1	1	1	1	0	0	0	1	1	1	1	1	0	0	0	1	1	1	1	1	1
15	95	OTHER	168	1	1	1	1	1	0	0	0	1	1	1	1	1	0	0	0	1	1	1	1	1	1
160	45	OTHER	169	1	1	1	1	1	0	0	0	1	1	1	1	1	0	0	0	1	1	1	1	1	1
110	5	TUMOR	170	1	1	1	1	1	0	0	0	1	1	1	1	1	1	1	1	1	1	1	1	1	1
175	115	TUMOR	171	1	1	1	1	1	0	0	0	1	1	1	1	1	1	1	1	1	1	1	1	1	1
135	55	OTHER	172	1	1	1	1	1	0	0	0	1	1	1	1	1	0	0	0	1	1	1	1	1	1
180	105	OTHER	173	1	1	1	1	1	0	0	0	1	1	1	1	1	0	0	0	1	1	1	1	1	1
150	25	OTHER	174	1	1	1	1	1	0	0	0	1	1	1	1	1	1	1	1	1	1	1	1	1	1
80	5	OTHER	175	1	1	1	1	1	0	0	0	1	1	1	1	1	0	0	0	1	1	1	1	1	1
160	25	TUMOR	176	1	1	1	1	1	0	0	0	1	1	1	1	1	0	0	0	1	1	1	1	1	1
130	25	TUMOR	177	1	1	1	1	1	0	0	0	1	1	1	1	1	0	0	0	1	1	1	1	1	1
85	55	OTHER	178	1	1	1	1	1	0	0	0	1	1	1	1	1	0	0	0	1	1	1	1	1	1
85	15	OTHER	179	1	1	1	1	1	0	0	0	1	1	1	1	1	0	0	0	1	1	1	1	1	1
100	125	OTHER	180	1	1	1	1	1	0	0	0	1	1	1	1	1	1	1	1	1	1	1	1	1	1
0	45	OTHER	181	1	1	1	1	1	0	0	0	1	1	1	1	1	0	0	0	1	1	1	1	1	1
45	15	TUMOR	182	1	1	1	1	1	0	0	0	1	1	1	1	1	1	1	1	1	1	1	1	1	1
60	65	OTHER	183	1	1	1	1	1	0	0	0	1	1	1	1	1	1	1	1	1	1	1	1	1	1
50	125	TUMOR	184	1	1	1	1	1	0	0	0	1	1	1	1	1	1	1	1	1	1	1	1	1	1
150	125	TUMOR	185	1	1	1	1	1	0	0	0	1	1	1	1	1	1	1	1	1	1	1	1	1	1
35	55	OTHER	186	1	1	1	1	1	0	0	0	1	1	1	1	1	1	1	1	1	1	1	1	1	1
195	55	OTHER	187	1	1	1	1	1	0	0	0	1	1	1	1	1	0	0	0	1	1	1	1	1	1
25	75	T-CELL	188	1	1	1	1	1	1	1	1	1	1	1	1	1	0	0	0	1	1	1	1	1	1
175	95	OTHER	189	1	1	1	1	1	0	0	0	1	1	1	1	1	1	1	1	1	1	1	1	1	1
120	125	OTHER	190	1	1	1	1	1	0	0	0	1	1	1	1	1	0	0	0	1	1	1	1	1	1
100	65	TUMOR	191	1	1	1	1	1	0	0	0	1	1	1	1	1	0	0	0	1	1	1	1	1	1
50	65	OTHER	192	1	1	1	1	1	0	0	0	1	1	1	1	1	1	1	1	1	1	1	1	1	1
95	75	TUMOR	193	1	1	1	1	1	0	0	0	1	1	1	1	1	1	1	1	1	1	1	1	1	1
165	75	OTHER	194	1	1	1	1	1	0	0	0	1	1	1	1	1	0	0	0	1	1	1	1	1	1
75	75	OTHER	195	1	1	1	1	1	0	0	0	1	1	1	1	1	0	0	0	1	1	1	1	1	1
20	25	OTHER	196	1	1	1	1	1	0	0	0	1	1	1	1	1	0	0	0	1	1	1	1	1	1
60	105	OTHER	197	1	1	1	1	1	0	0	0	1	1	1	1	1	0	0	0	1	1	1	1	1	1
20	125	T-CELL	198	1	1	1	1	1	0	0	0	1	1	1	1	1	0	0	0	1	1	1	1	1	1
190	25	OTHER	199	1	1	1	1	1	0	0	0	1	1	1	1	1	1	1	1	1	1	1	1	1	1
125	95	TUMOR	200	1	1	1	1	1	0	0	0	1	1	1	1	1	1	1	1	1	1	1	1	1	1
140	25	TUMOR	201	1	1	1	1	1	0	0	0	1	1	1	1	1	1	1	1	1	1	1	1	1	1
0	65	OTHER	202	1	1	1	1	1	0	0	0	1	1	1	1	1	0	0	0	1	1	1	1	1	1
140	105	TUMOR	203	1	1	1	1	1	0	0	0	1	1	1	1	1	1	1	1	1	1	1	1	1	1
145	55	TUMOR	204	1	1	1	1	1	0	0	0	1	1	1	1	1	1	1	1	1	1	1	1	1	1
90	125	TUMOR	205	1	1	1	1	1	0	0	0	1	1	1	1	1	0	0	0	1	1	1	1	1	1
170	65	OTHER	206	1	1	1	1	1	0	0	0	1	1	1	1	1	0	0	0	1	1	1	1	1	1
155	95	TUMOR	207	1	1	1	1	1	0	0	0	1	1	1	1	1	1	1	1	1	1	1	1	1	1
90	105	OTHER	208	1	1	1	1	1	0	0	0	1	1	1	1	1	1	1	1	1	1	1	1	1	1
40	25	OTHER	209	1	1	1	1	1	0	0	0	1	1	1	1	1	1	1	1	1	1	1	1	1	1
180	25	OTHER	210	1	1	1	1	1	0	0	0	1	1	1	1	1	1	1	1	1	1	1	1	1	1
45	35	TUMOR	211	1	1	1	1	1	0	0	0	1	1	1	1	1	0	0	0	1	1	1	1	1	1
100	45	OTHER	212	1	1	1	1	1	0	0	0	1	1	1	1	1	1	1	1	1	1	1	1	1	1
70	85	OTHER	213	1	1	1	1	1	0	0	0	1	1	1	1	1	0	0	0	1	1	1	1	1	1
25	55	OTHER	214	1	1	1	1	1	0	0	0	1	1	1	1	1	1	1	1	1	1	1	1	1	1
199	125	TUMOR	215	1	1	1	1	1	0	0	0	1	1	1	1	1	0	0	0	1	1	1	1	1	1
115	95	OTHER	216	1	1	1	1	1	0	0	0	1	1	1	1	1	1	1	1	1	1	1	1	1	1
10	125	TUMOR	217	1	1	1	1	1	0	0	0	1	1	1	1	1	1	1	1	1	1	1	1	1	1
50	105	TUMOR	218	1	1	1	1	1	0	0	0	1	1	1	1	1	1	1	1	1	1	1	1	1	1
65	75	OTHER	219	1	1	1	1	1	0	0	0	1	1	1	1	1	1	1	1	1	1	1	1	1	1
190	45	TUMOR	220	1	1	1	1	1	0	0	0	1	1	1	1	1	1	1	1	1	1	1	1	1	1
170	125	TUMOR	221	1	1	1	1	1	0	0	0	1	1	1	1	1	1	1	1	1	1	1	1	1	1
135	115	TUMOR	222	1	1	1	1	1	0	0	0	1	1	1	1	1	1	1	1	1	1	1	1	1	1
150	45	T-CELL	223	1	1	1	1	1	0	0	0	1	1	1	1	1	0	0	0	1	1	1	1	1	1
175	55	TUMOR	224	1	1	1	1	1	0	0	0	1	1	1	1	1	1	1	1	1	1	1	1	1	1
40	85	OTHER	225	1	1	1	1	1	0	0	0	1	1	1	1	1	1	1	1	1	1	1	1	1	1
55	115	OTHER	226	1	1	1	1	1	0	0	0	1	1	1	1	1	0	0	0	1	1	1	1	1	1
115	75	OTHER	227	1	1	1	1	1	0	0	0	1	1	1	1	1	0	0	0	1	1	1	1	1	1
0	5	TUMOR	228	1	1	1	1	1	0	0	0	1	1	1	1	1	1	1	1	1	1	1	1	1	1
25	95	TUMOR	229	1	1	1	1	1	0	0	0	1	1	1	1	1	1	1	1	1	1	1	1	1	1
95	55	TUMOR	230	1	1	1	1	1	0	0	0	1	1	1	1	1	1	1	1	1	1	1	1	1	1
110	65	OTHER	231	1	1	1	1	1	0	0	0	1	1	1	1	1	0	0	0	1	1	1	1	1	1
199	65	TUMOR	232	1	1	1	1	1	0	0	0	1	1	1	1	1	1	1	1	1	1	1	1	1	1
10	25	OTHER	233	1	1	1	1	1	0	0	0	1	1	1	1	1	1	1	1	1	1	1	1	1	1
160	125	TUMOR	234	1	1	1	1	1	0	0	0	1	1	1	1	1	1	1	1	1	1	1	1	1	1
15	35	TUMOR	235	1	1	1	1	1	0	0	0	1	1	1	1	1	1	1	1	1	1	1	1	1	1
110	125	TUMOR	236	1	1	1	1	1	0	0	0	1	1	1	1	1	0	0	0	1	1	1	1	1	1
25	115	OTHER	237	1	1	1	1	1	0	0	0	1	1	1	1	1	0	0	0	1	1	1	1	1	1
85	115	TUMOR	238	1	1	1	1	1	0	0	0	1	1	1	1	1	1	1	1	1	1	1	1	1	1
80	45	OTHER	239	1	1	1	1	1	0	0	0	1	1	1	1	1	0	0	0	1	1	1	1	1	1
55	35	TUMOR	240	1	1	1	1	1	0	0	0	1	1	1	1	1	0	0	0	1	1	1	1	1	1
90	65	T-CELL	241	1	1	1	1	1	0	0	0	1	1	1	1	1	0	0	0	1	1	1	1	1	1
5	115	OTHER	242	1	1	1	1	1	0	0	0	1	1	1	1	1	0	0	0	1	1	1	1	1	1
15	15	OTHER	243	1	1	1	1	1	0	0	0	1	1	1	1	1	0	0	0	1	1	1	1	1	1
145	115	OTHER	244	1	1	1	1	1	0	0	0	1	1	1	1	1	0	0	0	1	1	1	1	1	1
140	45	TUMOR	245	1	1	1	1	1	0	0	0	1	1	1	1	1	1	1	1	1	1	1	1	1	1
10	65	TUMOR	246	1	1	1	1	1	0	0	0	1	1	1	1	1	1	1	1	1	1	1	1	1	1
65	55	OTHER	247	1	1	1	1	1	0	0	0	1	1	1	1	1	0	0	0	1	1	1	1	1	1
40	5	T-CELL	248	1	1	1	1	1	0	0	0	1	1	1	1	1	0	0	0	1	1	1	1	1	1
5	95	OTHER	249	1	1	1	1	1	0	0	0	1	1	1	1	1	0	0	0	1	1	1	1	1	1
100	105	TUMOR	250	1	1	1	1	1	0	0	0	1	1	1	1	1	1	1	1	1	1	1	1	1	1
135	95	TUMOR	251	1	1	1	1	1	0	0	0	1	1	1	1	1	1	1	1	1	1	1	1	1	1
5	75	T-CELL	252	1	1	1	1	1	1	1	1	1	1	1	1	1	0	0	0	1	1	1	1	1	1
30	105	OTHER	253	1	1	1	1	1	0	0	0	1	1	1	1	1	0	0	0	1	1	1	1	1	1
75	95	TUMOR	254	1	1	1	1	1	0	0	0	1	1	1	1	1	1	1	1	1	1	1	1	1	1
65	35	TUMOR	255	1	1	1	1	1	0	0	0	1	1	1	1	1	1	1	1	1	1	1	1	1	1
60	125	OTHER	256	1	1	1	1	1	0	0	0	1	1	1	1	1	0	0	0	1	1	1	1	1	1
10	85	OTHER	257	1	1	1	1	1	0	0	0	1	1	1	1	1	0	0	0	1	1	1	1	1	1
150	5	TUMOR	258	1	1	1	1	1	0	0	0	1	1	1	1	1	1	1	1	1	1	1	1	1	1
145	15	OTHER	259	1	1	1	1	1	0	0	0	1	1	1	1	1	1	1	1	1	1	1	1	1	1
40	65	TUMOR	260	1	1	1	1	1	0	0	0	1	1	1	1	1	1	1	1	1	1	1	1	1	1
55	75	OTHER	261	1	1	1	1	1	0	0	0	1	1	1	1	1	0	0	0	1	1	1	1	1	1
90	5	OTHER	262	1	1	1	1	1	0	0	0	1	1	1	1	1	0	0	0	1	1	1	1	1	1
140	65	TUMOR	263	1	1	1	1	1	0	0	0	1	1	1	1	1	0	0	0	1	1	1	1	1	1
199	25	OTHER	264	1	1	1	1	1	0	0	0	1	1	1	1	1	0	0	0	1	1	1	1	1	1
185	55	T-CELL	265	1	1	1	1	1	0	0	0	1	1	1	1	1	0	0	0	1	1	1	1	1	1
50	45	TUMOR	266	1	1	1	1	1	0	0	0	1	1	1	1	1	1	1	1	1	1	1	1	1	1
20	5	OTHER	267	1	1	1	1	1	0	0	0	1	1	1	1	1	0	0	0	1	1	1	1	1	1
