Cell X Position	Cell Y Position	Phenotype	Cell ID	Nucleus Area (pixels)	Nucleus Area (percent)	Nucleus Compactness	Nucleus Minor Axis	Nucleus Major Axis	Entire Cell PD-1 (Opal 540) Mean (Normalized Counts, Total Weighting)	Nucleus PD-1 (Opal 540) Mean (Normalized Counts, Total Weighting)	Membrane PD-1 (Opal 540) Mean (Normalized Counts, Total Weighting)	Membrane Area (pixels)	Membrane Area (percent)	Membrane Compactness	Membrane Minor Axis	Membrane Major Axis	Nucleus PD-Ligand-1 (Opal 690) Mean (Normalized Counts, Total Weighting)	Entire Cell PD-Ligand-1 (Opal 690) Mean (Normalized Counts, Total Weighting)	Membrane PD-Ligand-1 (Opal 690) Mean (Normalized Counts, Total Weighting)	Entire Cell Area (pixels)	Entire Cell Area (percent)	Entire Cell Compactness	Entire Cell Minor Axis	Entire Cell Major Axis	Confidence
160	65	T-CELL	1	1	1	1	1	1	0	0	0	1	1	1	1	1	0	0	0	1	1	1	1	1	1
70	65	OTHER	2	1	1	1	1	1	0	0	0	1	1	1	1	1	0	0	0	1	1	1	1	1	1
90	65	TUMOR	3	1	1	1	1	1	0	0	0	1	1	1	1	1	1	1	1	1	1	1	1	1	1
70	125	TUMOR	4	1	1	1	1	1	0	0	0	1	1	1	1	1	0	0	0	1	1	1	1	1	1
95	15	OTHER	5	1	1	1	1	1	0	0	0	1	1	1	1	1	0	0	0	1	1	1	1	1	1
135	15	T-CELL	6	1	1	1	1	1	1	1	1	1	1	1	1	1	0	0	0	1	1	1	1	1	1
185	55	TUMOR	7	1	1	1	1	1	0	0	0	1	1	1	1	1	1	1	1	1	1	1	1	1	1
199	65	OTHER	8	1	1	1	1	1	0	0	0	1	1	1	1	1	0	0	0	1	1	1	1	1	1
125	115	OTHER	9	1	1	1	1	1	0	0	0	1	1	1	1	1	0	0	0	1	1	1	1	1	1
140	25	TUMOR	10	1	1	1	1	1	0	0	0	1	1	1	1	1	1	1	1	1	1	1	1	1	1
35	15	TUMOR	11	1	1	1	1	1	0	0	0	1	1	1	1	1	1	1	1	1	1	1	1	1	1
15	95	OTHER	12	1	1	1	1	1	0	0	0	1	1	1	1	1	0	0	0	1	1	1	1	1	1
95	95	OTHER	13	1	1	1	1	1	0	0	0	1	1	1	1	1	0	0	0	1	1	1	1	1	1
195	35	TUMOR	14	1	1	1	1	1	0	0	0	1	1	1	1	1	0	0	0	1	1	1	1	1	1
55	115	OTHER	15	1	1	1	1	1	0	0	0	1	1	1	1	1	0	0	0	1	1	1	1	1	1
55	55	TUMOR	16	1	1	1	1	1	0	0	0	1	1	1	1	1	1	1	1	1	1	1	1	1	1
130	65	TUMOR	17	1	1	1	1	1	0	0	0	1	1	1	1	1	1	1	1	1	1	1	1	1	1
60	5	OTHER	18	1	1	1	1	1	0	0	0	1	1	1	1	1	0	0	0	1	1	1	1	1	1
120	5	TUMOR	19	1	1	1	1	1	0	0	0	1	1	1	1	1	0	0	0	1	1	1	1	1	1
120	65	TUMOR	20	1	1	1	1	1	0	0	0	1	1	1	1	1	1	1	1	1	1	1	1	1	1
65	55	OTHER	21	1	1	1	1	1	0	0	0	1	1	1	1	1	1	1	1	1	1	1	1	1	1
150	125	OTHER	22	1	1	1	1	1	0	0	0	1	1	1	1	1	0	0	0	1	1	1	1	1	1
105	15	TUMOR	23	1	1	1	1	1	0	0	0	1	1	1	1	1	0	0	0	1	1	1	1	1	1
160	105	OTHER	24	1	1	1	1	1	0	0	0	1	1	1	1	1	0	0	0	1	1	1	1	1	1
175	15	TUMOR	25	1	1	1	1	1	0	0	0	1	1	1	1	1	1	1	1	1	1	1	1	1	1
80	125	OTHER	26	1	1	1	1	1	0	0	0	1	1	1	1	1	1	1	1	1	1	1	1	1	1
0	65	TUMOR	27	1	1	1	1	1	0	0	0	1	1	1	1	1	1	1	1	1	1	1	1	1	1
30	45	OTHER	28	1	1	1	1	1	0	0	0	1	1	1	1	1	0	0	0	1	1	1	1	1	1
155	95	OTHER	29	1	1	1	1	1	0	0	0	1	1	1	1	1	0	0	0	1	1	1	1	1	1
110	105	TUMOR	30	1	1	1	1	1	0	0	0	1	1	1	1	1	1	1	1	1	1	1	1	1	1
80	25	TUMOR	31	1	1	1	1	1	0	0	0	1	1	1	1	1	1	1	1	1	1	1	1	1	1
15	55	OTHER	32	1	1	1	1	1	0	0	0	1	1	1	1	1	0	0	0	1	1	1	1	1	1
170	45	OTHER	33	1	1	1	1	1	0	0	0	1	1	1	1	1	0	0	0	1	1	1	1	1	1
30	85	OTHER	34	1	1	1	1	1	0	0	0	1	1	1	1	1	0	0	0	1	1	1	1	1	1
190	105	OTHER	35	1	1	1	1	1	0	0	0	1	1	1	1	1	1	1	1	1	1	1	1	1	1
165	15	TUMOR	36	1	1	1	1	1	0	0	0	1	1	1	1	1	1	1	1	1	1	1	1	1	1
10	105	OTHER	37	1	1	1	1	1	0	0	0	1	1	1	1	1	0	0	0	1	1	1	1	1	1
160	5	TUMOR	38	1	1	1	1	1	0	0	0	1	1	1	1	1	0	0	0	1	1	1	1	1	1
25	115	OTHER	39	1	1	1	1	1	0	0	0	1	1	1	1	1	0	0	0	1	1	1	1	1	1
45	35	OTHER	40	1	1	1	1	1	0	0	0	1	1	1	1	1	0	0	0	1	1	1	1	1	1
150	5	OTHER	41	1	1	1	1	1	0	0	0	1	1	1	1	1	1	1	1	1	1	1	1	1	1
170	25	T-CELL	42	1	1	1	1	1	0	0	0	1	1	1	1	1	0	0	0	1	1	1	1	1	1
180	125	TUMOR	43	1	1	1	1	1	0	0	0	1	1	1	1	1	1	1	1	1	1	1	1	1	1
90	5	TUMOR	44	1	1	1	1	1	0	0	0	1	1	1	1	1	1	1	1	1	1	1	1	1	1
95	75	OTHER	45	1	1	1	1	1	0	0	0	1	1	1	1	1	0	0	0	1	1	1	1	1	1
5	75	OTHER	46	1	1	1	1	1	0	0	0	1	1	1	1	1	1	1	1	1	1	1	1	1	1
60	25	TUMOR	47	1	1	1	1	1	0	0	0	1	1	1	1	1	1	1	1	1	1	1	1	1	1
140	5	TUMOR	48	1	1	1	1	1	0	0	0	1	1	1	1	1	1	1	1	1	1	1	1	1	1
95	35	OTHER	49	1	1	1	1	1	0	0	0	1	1	1	1	1	1	1	1	1	1	1	1	1	1
140	125	OTHER	50	1	1	1	1	1	0	0	0	1	1	1	1	1	0	0	0	1	1	1	1	1	1
115	115	TUMOR	51	1	1	1	1	1	0	0	0	1	1	1	1	1	1	1	1	1	1	1	1	1	1
50	125	OTHER	52	1	1	1	1	1	0	0	0	1	1	1	1	1	0	0	0	1	1	1	1	1	1
95	55	OTHER	53	1	1	1	1	1	0	0	0	1	1	1	1	1	0	0	0	1	1	1	1	1	1
20	5	OTHER	54	1	1	1	1	1	0	0	0	1	1	1	1	1	0	0	0	1	1	1	1	1	1
50	65	TUMOR	55	1	1	1	1	1	0	0	0	1	1	1	1	1	1	1	1	1	1	1	1	1	1
45	95	TUMOR	56	1	1	1	1	1	0	0	0	1	1	1	1	1	0	0	0	1	1	1	1	1	1
145	55	OTHER	57	1	1	1	1	1	0	0	0	1	1	1	1	1	1	1	1	1	1	1	1	1	1
10	125	OTHER	58	1	1	1	1	1	0	0	0	1	1	1	1	1	0	0	0	1	1	1	1	1	1
0	25	OTHER	59	1	1	1	1	1	0	0	0	1	1	1	1	1	1	1	1	1	1	1	1	1	1
90	105	TUMOR	60	1	1	1	1	1	0	0	0	1	1	1	1	1	1	1	1	1	1	1	1	1	1
195	75	TUMOR	61	1	1	1	1	1	0	0	0	1	1	1	1	1	0	0	0	1	1	1	1	1	1
130	85	TUMOR	62	1	1	1	1	1	0	0	0	1	1	1	1	1	1	1	1	1	1	1	1	1	1
10	65	OTHER	63	1	1	1	1	1	0	0	0	1	1	1	1	1	1	1	1	1	1	1	1	1	1
30	125	TUMOR	64	1	1	1	1	1	0	0	0	1	1	1	1	1	0	0	0	1	1	1	1	1	1
145	35	TUMOR	65	1	1	1	1	1	0	0	0	1	1	1	1	1	0	0	0	1	1	1	1	1	1
125	95	OTHER	66	1	1	1	1	1	0	0	0	1	1	1	1	1	1	1	1	1	1	1	1	1	1
80	65	TUMOR	67	1	1	1	1	1	0	0	0	1	1	1	1	1	0	0	0	1	1	1	1	1	1
50	45	TUMOR	68	1	1	1	1	1	0	0	0	1	1	1	1	1	0	0	0	1	1	1	1	1	1
195	95	OTHER	69	1	1	1	1	1	0	0	0	1	1	1	1	1	0	0	0	1	1	1	1	1	1
150	85	OTHER	70	1	1	1	1	1	0	0	0	1	1	1	1	1	0	0	0	1	1	1	1	1	1
199	125	TUMOR	71	1	1	1	1	1	0	0	0	1	1	1	1	1	1	1	1	1	1	1	1	1	1
130	5	TUMOR	72	1	1	1	1	1	0	0	0	1	1	1	1	1	1	1	1	1	1	1	1	1	1
160	125	OTHER	73	1	1	1	1	1	0	0	0	1	1	1	1	1	0	0	0	1	1	1	1	1	1
40	5	OTHER	74	1	1	1	1	1	0	0	0	1	1	1	1	1	0	0	0	1	1	1	1	1	1
199	105	OTHER	75	1	1	1	1	1	0	0	0	1	1	1	1	1	0	0	0	1	1	1	1	1	1
60	105	TUMOR	76	1	1	1	1	1	0	0	0	1	1	1	1	1	0	0	0	1	1	1	1	1	1
170	65	OTHER	77	1	1	1	1	1	0	0	0	1	1	1	1	1	0	0	0	1	1	1	1	1	1
160	25	OTHER	78	1	1	1	1	1	0	0	0	1	1	1	1	1	0	0	0	1	1	1	1	1	1
75	55	TUMOR	79	1	1	1	1	1	0	0	0	1	1	1	1	1	1	1	1	1	1	1	1	1	1
25	95	OTHER	80	1	1	1	1	1	0	0	0	1	1	1	1	1	0	0	0	1	1	1	1	1	1
45	115	OTHER	81	1	1	1	1	1	0	0	0	1	1	1	1	1	0	0	0	1	1	1	1	1	1
90	25	OTHER	82	1	1	1	1	1	0	0	0	1	1	1	1	1	0	0	0	1	1	1	1	1	1
40	105	TUMOR	83	1	1	1	1	1	0	0	0	1	1	1	1	1	1	1	1	1	1	1	1	1	1
100	65	OTHER	84	1	1	1	1	1	0	0	0	1	1	1	1	1	0	0	0	1	1	1	1	1	1
165	55	TUMOR	85	1	1	1	1	1	0	0	0	1	1	1	1	1	1	1	1	1	1	1	1	1	1
25	55	OTHER	86	1	1	1	1	1	0	0	0	1	1	1	1	1	0	0	0	1	1	1	1	1	1
190	5	TUMOR	87	1	1	1	1	1	0	0	0	1	1	1	1	1	0	0	0	1	1	1	1	1	1
199	85	TUMOR	88	1	1	1	1	1	0	0	0	1	1	1	1	1	1	1	1	1	1	1	1	1	1
155	115	TUMOR	89	1	1	1	1	1	0	0	0	1	1	1	1	1	1	1	1	1	1	1	1	1	1
90	85	T-CELL	90	1	1	1	1	1	1	1	1	1	1	1	1	1	0	0	0	1	1	1	1	1	1
145	115	TUMOR	91	1	1	1	1	1	0	0	0	1	1	1	1	1	0	0	0	1	1	1	1	1	1
110	25	T-CELL	92	1	1	1	1	1	0	0	0	1	1	1	1	1	0	0	0	1	1	1	1	1	1
115	95	TUMOR	93	1	1	1	1	1	0	0	0	1	1	1	1	1	0	0	0	1	1	1	1	1	1
170	125	OTHER	94	1	1	1	1	1	0	0	0	1	1	1	1	1	0	0	0	1	1	1	1	1	1
105	95	OTHER	95	1	1	1	1	1	0	0	0	1	1	1	1	1	0	0	0	1	1	1	1	1	1
60	85	TUMOR	96	1	1	1	1	1	0	0	0	1	1	1	1	1	0	0	0	1	1	1	1	1	1
120	45	OTHER	97	1	1	1	1	1	0	0	0	1	1	1	1	1	0	0	0	1	1	1	1	1	1
25	15	TUMOR	98	1	1	1	1	1	0	0	0	1	1	1	1	1	1	1	1	1	1	1	1	1	1
30	25	TUMOR	99	1	1	1	1	1	0	0	0	1	1	1	1	1	1	1	1	1	1	1	1	1	1
80	105	TUMOR	100	1	1	1	1	1	0	0	0	1	1	1	1	1	1	1	1	1	1	1	1	1	1
10	85	TUMOR	101	1	1	1	1	1	0	0	0	1	1	1	1	1	1	1	1	1	1	1	1	1	1
20	125	TUMOR	102	1	1	1	1	1	0	0	0	1	1	1	1	1	1	1	1	1	1	1	1	1	1
70	85	OTHER	103	1	1	1	1	1	0	0	0	1	1	1	1	1	0	0	0	1	1	1	1	1	1
65	35	TUMOR	104	1	1	1	1	1	0	0	0	1	1	1	1	1	0	0	0	1	1	1	1	1	1
25	75	TUMOR	105	1	1	1	1	1	0	0	0	1	1	1	1	1	1	1	1	1	1	1	1	1	1
30	105	TUMOR	106	1	1	1	1	1	0	0	0	1	1	1	1	1	1	1	1	1	1	1	1	1	1
195	15	TUMOR	107	1	1	1	1	1	0	0	0	1	1	1	1	1	1	1	1	1	1	1	1	1	1
20	85	OTHER	108	1	1	1	1	1	0	0	0	1	1	1	1	1	1	1	1	1	1	1	1	1	1
105	75	OTHER	109	1	1	1	1	1	0	0	0	1	1	1	1	1	0	0	0	1	1	1	1	1	1
20	105	TUMOR	110	1	1	1	1	1	0	0	0	1	1	1	1	1	1	1	1	1	1	1	1	1	1
140	65	OTHER	111	1	1	1	1	1	0	0	0	1	1	1	1	1	0	0	0	1	1	1	1	1	1
15	35	TUMOR	112	1	1	1	1	1	0	0	0	1	1	1	1	1	0	0	0	1	1	1	1	1	1
85	55	TUMOR	113	1	1	1	1	1	0	0	0	1	1	1	1	1	0	0	0	1	1	1	1	1	1
130	105	OTHER	114	1	1	1	1	1	0	0	0	1	1	1	1	1	0	0	0	1	1	1	1	1	1
15	75	OTHER	115	1	1	1	1	1	0	0	0	1	1	1	1	1	0	0	0	1	1	1	1	1	1
190	85	T-CELL	116	1	1	1	1	1	0	0	0	1	1	1	1	1	0	0	0	1	1	1	1	1	1
0	105	T-CELL	117	1	1	1	1	1	0	0	0	1	1	1	1	1	0	0	0	1	1	1	1	1	1
165	35	OTHER	118	1	1	1	1	1	0	0	0	1	1	1	1	1	1	1	1	1	1	1	1	1	1
20	45	OTHER	119	1	1	1	1	1	0	0	0	1	1	1	1	1	0	0	0	1	1	1	1	1	1
165	115	OTHER	120	1	1	1	1	1	0	0	0	1	1	1	1	1	0	0	0	1	1	1	1	1	1
35	115	TUMOR	121	1	1	1	1	1	0	0	0	1	1	1	1	1	1	1	1	1	1	1	1	1	1
195	115	OTHER	122	1	1	1	1	1	0	0	0	1	1	1	1	1	0	0	0	1	1	1	1	1	1
65	15	TUMOR	123	1	1	1	1	1	0	0	0	1	1	1	1	1	1	1	1	1	1	1	1	1	1
0	45	OTHER	124	1	1	1	1	1	0	0	0	1	1	1	1	1	1	1	1	1	1	1	1	1	1
145	95	TUMOR	125	1	1	1	1	1	0	0	0	1	1	1	1	1	1	1	1	1	1	1	1	1	1
190	125	OTHER	126	1	1	1	1	1	0	0	0	1	1	1	1	1	0	0	0	1	1	1	1	1	1
120	125	OTHER	127	1	1	1	1	1	0	0	0	1	1	1	1	1	0	0	0	1	1	1	1	1	1
40	65	TUMOR	128	1	1	1	1	1	0	0	0	1	1	1	1	1	1	1	1	1	1	1	1	1	1
85	75	TUMOR	129	1	1	1	1	1	0	0	0	1	1	1	1	1	0	0	0	1	1	1	1	1	1
105	55	TUMOR	130	1	1	1	1	1	0	0	0	1	1	1	1	1	1	1	1	1	1	1	1	1	1
190	25	TUMOR	131	1	1	1	1	1	0	0	0	1	1	1	1	1	1	1	1	1	1	1	1	1	1
125	55	TUMOR	132	1	1	1	1	1	0	0	0	1	1	1	1	1	1	1	1	1	1	1	1	1	1
160	45	OTHER	133	1	1	1	1	1	0	0	0	1	1	1	1	1	0	0	0	1	1	1	1	1	1
135	115	OTHER	134	1	1	1	1	1	0	0	0	1	1	1	1	1	0	0	0	1	1	1	1	1	1
60	65	TUMOR	135	1	1	1	1	1	0	0	0	1	1	1	1	1	0	0	0	1	1	1	1	1	1
185	15	TUMOR	136	1	1	1	1	1	0	0	0	1	1	1	1	1	0	0	0	1	1	1	1	1	1
170	85	OTHER	137	1	1	1	1	1	0	0	0	1	1	1	1	1	1	1	1	1	1	1	1	1	1
150	105	OTHER	138	1	1	1	1	1	0	0	0	1	1	1	1	1	0	0	0	1	1	1	1	1	1
180	25	OTHER	139	1	1	1	1	1	0	0	0	1	1	1	1	1	0	0	0	1	1	1	1	1	1
170	105	OTHER	140	1	1	1	1	1	0	0	0	1	1	1	1	1	0	0	0	1	1	1	1	1	1
70	5	TUMOR	141	1	1	1	1	1	0	0	0	1	1	1	1	1	0	0	0	1	1	1	1	1	1
75	115	OTHER	142	1	1	1	1	1	0	0	0	1	1	1	1	1	0	0	0	1	1	1	1	1	1
145	75	OTHER	143	1	1	1	1	1	0	0	0	1	1	1	1	1	0	0	0	1	1	1	1	1	1
55	95	TUMOR	144	1	1	1	1	1	0	0	0	1	1	1	1	1	1	1	1	1	1	1	1	1	1
115	35	OTHER	145	1	1	1	1	1	0	0	0	1	1	1	1	1	1	1	1	1	1	1	1	1	1
170	5	OTHER	146	1	1	1	1	1	0	0	0	1	1	1	1	1	0	0	0	1	1	1	1	1	1
35	55	TUMOR	147	1	1	1	1	1	0	0	0	1	1	1	1	1	1	1	1	1	1	1	1	1	1
70	45	OTHER	148	1	1	1	1	1	0	0	0	1	1	1	1	1	1	1	1	1	1	1	1	1	1
185	75	OTHER	149	1	1	1	1	1	0	0	0	1	1	1	1	1	0	0	0	1	1	1	1	1	1
0	125	OTHER	150	1	1	1	1	1	0	0	0	1	1	1	1	1	1	1	1	1	1	1	1	1	1
75	15	T-CELL	151	1	1	1	1	1	0	0	0	1	1	1	1	1	0	0	0	1	1	1	1	1	1
175	115	OTHER	152	1	1	1	1	1	0	0	0	1	1	1	1	1	0	0	0	1	1	1	1	1	1
165	95	OTHER	153	1	1	1	1	1	0	0	0	1	1	1	1	1	1	1	1	1	1	1	1	1	1
180	105	TUMOR	154	1	1	1	1	1	0	0	0	1	1	1	1	1	1	1	1	1	1	1	1	1	1
50	105	OTHER	155	1	1	1	1	1	0	0	0	1	1	1	1	1	0	0	0	1	1	1	1	1	1
75	75	OTHER	156	1	1	1	1	1	0	0	0	1	1	1	1	1	1	1	1	1	1	1	1	1	1
155	35	TUMOR	157	1	1	1	1	1	0	0	0	1	1	1	1	1	1	1	1	1	1	1	1	1	1
110	5	OTHER	158	1	1	1	1	1	0	0	0	1	1	1	1	1	0	0	0	1	1	1	1	1	1
195	55	TUMOR	159	1	1	1	1	1	0	0	0	1	1	1	1	1	1	1	1	1	1	1	1	1	1
135	95	OTHER	160	1	1	1	1	1	0	0	0	1	1	1	1	1	0	0	0	1	1	1	1	1	1
35	75	TUMOR	161	1	1	1	1	1	0	0	0	1	1	1	1	1	1	1	1	1	1	1	1	1	1
100	105	OTHER	162	1	1	1	1	1	0	0	0	1	1	1	1	1	0	0	0	1	1	1	1	1	1
70	25	OTHER	163	1	1	1	1	1	0	0	0	1	1	1	1	1	0	0	0	1	1	1	1	1	1
75	35	TUMOR	164	1	1	1	1	1	0	0	0	1	1	1	1	1	0	0	0	1	1	1	1	1	1
105	115	OTHER	165	1	1	1	1	1	0	0	0	1	1	1	1	1	0	0	0	1	1	1	1	1	1
90	45	TUMOR	166	1	1	1	1	1	0	0	0	1	1	1	1	1	1	1	1	1	1	1	1	1	1
125	15	TUMOR	167	1	1	1	1	1	0	0	0	1	1	1	1	1	1	1	1	1	1	1	1	1	1
140	45	TUMOR	168	1	1	1	1	1	0	0	0	1	1	1	1	1	1	1	1	1	1	1	1	1	1
110	125	TUMOR	169	1	1	1	1	1	0	0	0	1	1	1	1	1	1	1	1	1	1	1	1	1	1
150	65	OTHER	170	1	1	1	1	1	0	0	0	1	1	1	1	1	0	0	0	1	1	1	1	1	1
30	65	T-CELL	171	1	1	1	1	1	0	0	0	1	1	1	1	1	0	0	0	1	1	1	1	1	1
50	85	OTHER	172	1	1	1	1	1	0	0	0	1	1	1	1	1	1	1	1	1	1	1	1	1	1
155	55	OTHER	173	1	1	1	1	1	0	0	0	1	1	1	1	1	1	1	1	1	1	1	1	1	1
125	35	OTHER	174	1	1	1	1	1	0	0	0	1	1	1	1	1	0	0	0	1	1	1	1	1	1
65	75	OTHER	175	1	1	1	1	1	0	0	0	1	1	1	1	1	0	0	0	1	1	1	1	1	1
199	45	TUMOR	176	1	1	1	1	1	0	0	0	1	1	1	1	1	1	1	1	1	1	1	1	1	1
145	15	OTHER	177	1	1	1	1	1	0	0	0	1	1	1	1	1	1	1	1	1	1	1	1	1	1
90	125	OTHER	178	1	1	1	1	1	0	0	0	1	1	1	1	1	0	0	0	1	1	1	1	1	1
185	35	TUMOR	179	1	1	1	1	1	0	0	0	1	1	1	1	1	1	1	1	1	1	1	1	1	1
180	65	TUMOR	180	1	1	1	1	1	0	0	0	1	1	1	1	1	0	0	0	1	1	1	1	1	1
180	85	OTHER	181	1	1	1	1	1	0	0	0	1	1	1	1	1	0	0	0	1	1	1	1	1	1
135	55	OTHER	182	1	1	1	1	1	0	0	0	1	1	1	1	1	0	0	0	1	1	1	1	1	1
15	15	TUMOR	183	1	1	1	1	1	0	0	0	1	1	1	1	1	1	1	1	1	1	1	1	1	1
190	65	TUMOR	184	1	1	1	1	1	0	0	0	1	1	1	1	1	1	1	1	1	1	1	1	1	1
150	45	OTHER	185	1	1	1	1	1	0	0	0	1	1	1	1	1	0	0	0	1	1	1	1	1	1
55	15	TUMOR	186	1	1	1	1	1	0	0	0	1	1	1	1	1	1	1	1	1	1	1	1	1	1
100	85	OTHER	187	1	1	1	1	1	0	0	0	1	1	1	1	1	0	0	0	1	1	1	1	1	1
85	15	TUMOR	188	1	1	1	1	1	0	0	0	1	1	1	1	1	0	0	0	1	1	1	1	1	1
95	115	OTHER	189	1	1	1	1	1	0	0	0	1	1	1	1	1	1	1	1	1	1	1	1	1	1
120	85	OTHER	190	1	1	1	1	1	0	0	0	1	1	1	1	1	1	1	1	1	1	1	1	1	1
35	95	OTHER	191	1	1	1	1	1	0	0	0	1	1	1	1	1	1	1	1	1	1	1	1	1	1
35	35	TUMOR	192	1	1	1	1	1	0	0	0	1	1	1	1	1	1	1	1	1	1	1	1	1	1
20	65	OTHER	193	1	1	1	1	1	0	0	0	1	1	1	1	1	0	0	0	1	1	1	1	1	1
115	15	T-CELL	194	1	1	1	1	1	0	0	0	1	1	1	1	1	0	0	0	1	1	1	1	1	1
85	115	OTHER	195	1	1	1	1	1	0	0	0	1	1	1	1	1	0	0	0	1	1	1	1	1	1
80	5	TUMOR	196	1	1	1	1	1	0	0	0	1	1	1	1	1	1	1	1	1	1	1	1	1	1
110	85	TUMOR	197	1	1	1	1	1	0	0	0	1	1	1	1	1	1	1	1	1	1	1	1	1	1
85	35	OTHER	198	1	1	1	1	1	0	0	0	1	1	1	1	1	0	0	0	1	1	1	1	1	1
120	105	TUMOR	199	1	1	1	1	1	0	0	0	1	1	1	1	1	1	1	1	1	1	1	1	1	1
85	95	OTHER	200	1	1	1	1	1	0	0	0	1	1	1	1	1	0	0	0	1	1	1	1	1	1
10	5	OTHER	201	1	1	1	1	1	0	0	0	1	1	1	1	1	1	1	1	1	1	1	1	1	1
5	95	OTHER	202	1	1	1	1	1	0	0	0	1	1	1	1	1	0	0	0	1	1	1	1	1	1
110	65	T-CELL	203	1	1	1	1	1	0	0	0	1	1	1	1	1	0	0	0	1	1	1	1	1	1
40	25	TUMOR	204	1	1	1	1	1	0	0	0	1	1	1	1	1	1	1	1	1	1	1	1	1	1
155	75	OTHER	205	1	1	1	1	1	0	0	0	1	1	1	1	1	1	1	1	1	1	1	1	1	1
5	115	TUMOR	206	1	1	1	1	1	0	0	0	1	1	1	1	1	1	1	1	1	1	1	1	1	1
40	85	OTHER	207	1	1	1	1	1	0	0	0	1	1	1	1	1	0	0	0	1	1	1	1	1	1
175	75	TUMOR	208	1	1	1	1	1	0	0	0	1	1	1	1	1	1	1	1	1	1	1	1	1	1
120	25	OTHER	209	1	1	1	1	1	0	0	0	1	1	1	1	1	0	0	0	1	1	1	1	1	1
135	35	OTHER	210	1	1	1	1	1	0	0	0	1	1	1	1	1	0	0	0	1	1	1	1	1	1
115	55	TUMOR	211	1	1	1	1	1	0	0	0	1	1	1	1	1	1	1	1	1	1	1	1	1	1
40	125	OTHER	212	1	1	1	1	1	0	0	0	1	1	1	1	1	0	0	0	1	1	1	1	1	1
130	125	TUMOR	213	1	1	1	1	1	0	0	0	1	1	1	1	1	0	0	0	1	1	1	1	1	1
125	75	OTHER	214	1	1	1	1	1	0	0	0	1	1	1	1	1	1	1	1	1	1	1	1	1	1
199	5	TUMOR	215	1	1	1	1	1	0	0	0	1	1	1	1	1	0	0	0	1	1	1	1	1	1
140	85	TUMOR	216	1	1	1	1	1	0	0	0	1	1	1	1	1	0	0	0	1	1	1	1	1	1
10	45	T-CELL	217	1	1	1	1	1	0	0	0	1	1	1	1	1	0	0	0	1	1	1	1	1	1
60	45	TUMOR	218	1	1	1	1	1	0	0	0	1	1	1	1	1	1	1	1	1	1	1	1	1	1
175	95	OTHER	219	1	1	1	1	1	0	0	0	1	1	1	1	1	0	0	0	1	1	1	1	1	1
185	115	TUMOR	220	1	1	1	1	1	0	0	0	1	1	1	1	1	1	1	1	1	1	1	1	1	1
100	45	TUMOR	221	1	1	1	1	1	0	0	0	1	1	1	1	1	1	1	1	1	1	1	1	1	1
180	5	TUMOR	222	1	1	1	1	1	0	0	0	1	1	1	1	1	0	0	0	1	1	1	1	1	1
10	25	OTHER	223	1	1	1	1	1	0	0	0	1	1	1	1	1	0	0	0	1	1	1	1	1	1
155	15	TUMOR	224	1	1	1	1	1	0	0	0	1	1	1	1	1	0	0	0	1	1	1	1	1	1
135	75	TUMOR	225	1	1	1	1	1	0	0	0	1	1	1	1	1	1	1	1	1	1	1	1	1	1
25	35	TUMOR	226	1	1	1	1	1	0	0	0	1	1	1	1	1	0	0	0	1	1	1	1	1	1
65	115	T-CELL	227	1	1	1	1	1	0	0	0	1	1	1	1	1	0	0	0	1	1	1	1	1	1
45	55	TUMOR	228	1	1	1	1	1	0	0	0	1	1	1	1	1	1	1	1	1	1	1	1	1	1
175	55	OTHER	229	1	1	1	1	1	0	0	0	1	1	1	1	1	0	0	0	1	1	1	1	1	1
115	75	OTHER	230	1	1	1	1	1	0	0	0	1	1	1	1	1	0	0	0	1	1	1	1	1	1
185	95	TUMOR	231	1	1	1	1	1	0	0	0	1	1	1	1	1	0	0	0	1	1	1	1	1	1
100	5	TUMOR	232	1	1	1	1	1	0	0	0	1	1	1	1	1	1	1	1	1	1	1	1	1	1
5	35	OTHER	233	1	1	1	1	1	0	0	0	1	1	1	1	1	1	1	1	1	1	1	1	1	1
60	125	OTHER	234	1	1	1	1	1	0	0	0	1	1	1	1	1	1	1	1	1	1	1	1	1	1
70	105	TUMOR	235	1	1	1	1	1	0	0	0	1	1	1	1	1	1	1	1	1	1	1	1	1	1
40	45	TUMOR	236	1	1	1	1	1	0	0	0	1	1	1	1	1	1	1	1	1	1	1	1	1	1
55	75	TUMOR	237	1	1	1	1	1	0	0	0	1	1	1	1	1	1	1	1	1	1	1	1	1	1
160	85	TUMOR	238	1	1	1	1	1	0	0	0	1	1	1	1	1	0	0	0	1	1	1	1	1	1
105	35	OTHER	239	1	1	1	1	1	0	0	0	1	1	1	1	1	1	1	1	1	1	1	1	1	1
5	15	TUMOR	240	1	1	1	1	1	0	0	0	1	1	1	1	1	1	1	1	1	1	1	1	1	1
100	125	TUMOR	241	1	1	1	1	1	0	0	0	1	1	1	1	1	1	1	1	1	1	1	1	1	1
140	105	OTHER	242	1	1	1	1	1	0	0	0	1	1	1	1	1	0	0	0	1	1	1	1	1	1
45	15	TUMOR	243	1	1	1	1	1	0	0	0	1	1	1	1	1	0	0	0	1	1	1	1	1	1
199	25	TUMOR	244	1	1	1	1	1	0	0	0	1	1	1	1	1	1	1	1	1	1	1	1	1	1
20	25	T-CELL	245	1	1	1	1	1	1	1	1	1	1	1	1	1	0	0	0	1	1	1	1	1	1
65	95	OTHER	246	1	1	1	1	1	0	0	0	1	1	1	1	1	0	0	0	1	1	1	1	1	1
80	45	TUMOR	247	1	1	1	1	1	0	0	0	1	1	1	1	1	1	1	1	1	1	1	1	1	1
15	115	TUMOR	248	1	1	1	1	1	0	0	0	1	1	1	1	1	1	1	1	1	1	1	1	1	1
0	85	TUMOR	249	1	1	1	1	1	0	0	0	1	1	1	1	1	1	1	1	1	1	1	1	1	1
50	25	OTHER	250	1	1	1	1	1	0	0	0	1	1	1	1	1	1	1	1	1	1	1	1	1	1
130	45	TUMOR	251	1	1	1	1	1	0	0	0	1	1	1	1	1	0	0	0	1	1	1	1	1	1
175	35	TUMOR	252	1	1	1	1	1	0	0	0	1	1	1	1	1	0	0	0	1	1	1	1	1	1
30	5	TUMOR	253	1	1	1	1	1	0	0	0	1	1	1	1	1	1	1	1	1	1	1	1	1	1
190	45	TUMOR	254	1	1	1	1	1	0	0	0	1	1	1	1	1	1	1	1	1	1	1	1	1	1
165	75	OTHER	255	1	1	1	1	1	0	0	0	1	1	1	1	1	1	1	1	1	1	1	1	1	1
50	5	OTHER	256	1	1	1	1	1	0	0	0	1	1	1	1	1	0	0	0	1	1	1	1	1	1
180	45	OTHER	257	1	1	1	1	1	0	0	0	1	1	1	1	1	1	1	1	1	1	1	1	1	1
110	45	TUMOR	258	1	1	1	1	1	0	0	0	1	1	1	1	1	0	0	0	1	1	1	1	1	1
75	95	OTHER	259	1	1	1	1	1	0	0	0	1	1	1	1	1	0	0	0	1	1	1	1	1	1
130	25	OTHER	260	1	1	1	1	1	0	0	0	1	1	1	1	1	1	1	1	1	1	1	1	1	1
80	85	TUMOR	261	1	1	1	1	1	0	0	0	1	1	1	1	1	1	1	1	1	1	1	1	1	1
100	25	OTHER	262	1	1	1	1	1	0	0	0	1	1	1	1	1	1	1	1	1	1	1	1	1	1
45	75	OTHER	263	1	1	1	1	1	0	0	0	1	1	1	1	1	1	1	1	1	1	1	1	1	1
55	35	T-CELL	264	1	1	1	1	1	0	0	0	1	1	1	1	1	0	0	0	1	1	1	1	1	1
0	5	OTHER	265	1	1	1	1	1	0	0	0	1	1	1	1	1	1	1	1	1	1	1	1	1	1
5	55	OTHER	266	1	1	1	1	1	0	0	0	1	1	1	1	1	0	0	0	1	1	1	1	1	1
150	25	TUMOR	267	1	1	1	1	1	0	0	0	1	1	1	1	1	0	0	0	1	1	1	1	1	1
